vg	Id(M1)	Id(M2)
0.000000000000000e+000	3.260404e-011	2.583220e-004
1.000000000000000e-003	3.352373e-011	2.583220e-004
2.000000000000000e-003	3.447033e-011	2.583220e-004
3.000000000000000e-003	3.544465e-011	2.583220e-004
4.000000000000000e-003	3.644749e-011	2.583220e-004
5.000000000000000e-003	3.747968e-011	2.583220e-004
6.000000000000000e-003	3.854208e-011	2.583220e-004
7.000000000000000e-003	3.963558e-011	2.583220e-004
8.000000000000000e-003	4.076109e-011	2.583220e-004
9.000000000000001e-003	4.191953e-011	2.583220e-004
1.000000000000000e-002	4.311189e-011	2.583220e-004
1.100000000000000e-002	4.433913e-011	2.583220e-004
1.200000000000000e-002	4.560229e-011	2.583220e-004
1.300000000000001e-002	4.690241e-011	2.583220e-004
1.400000000000001e-002	4.824058e-011	2.583220e-004
1.500000000000001e-002	4.961790e-011	2.583220e-004
1.600000000000001e-002	5.103553e-011	2.583220e-004
1.700000000000001e-002	5.249463e-011	2.583220e-004
1.800000000000001e-002	5.399643e-011	2.583220e-004
1.900000000000001e-002	5.554216e-011	2.583220e-004
2.000000000000001e-002	5.713312e-011	2.583220e-004
2.100000000000001e-002	5.877061e-011	2.583220e-004
2.200000000000001e-002	6.045602e-011	2.583220e-004
2.300000000000001e-002	6.219072e-011	2.583220e-004
2.400000000000001e-002	6.397616e-011	2.583220e-004
2.500000000000002e-002	6.581383e-011	2.583220e-004
2.600000000000002e-002	6.770524e-011	2.583220e-004
2.700000000000002e-002	6.965198e-011	2.583220e-004
2.800000000000002e-002	7.165565e-011	2.583220e-004
2.900000000000002e-002	7.371791e-011	2.583220e-004
3.000000000000002e-002	7.584049e-011	2.583220e-004
3.100000000000002e-002	7.802513e-011	2.583220e-004
3.200000000000002e-002	8.027365e-011	2.583220e-004
3.300000000000002e-002	8.258792e-011	2.583220e-004
3.400000000000002e-002	8.496985e-011	2.583220e-004
3.500000000000002e-002	8.742142e-011	2.583220e-004
3.600000000000003e-002	8.994466e-011	2.583220e-004
3.700000000000003e-002	9.254168e-011	2.583220e-004
3.800000000000003e-002	9.521460e-011	2.583220e-004
3.900000000000003e-002	9.796565e-011	2.583220e-004
4.000000000000003e-002	1.007971e-010	2.583220e-004
4.100000000000003e-002	1.037113e-010	2.583220e-004
4.200000000000003e-002	1.067107e-010	2.583220e-004
4.300000000000003e-002	1.097978e-010	2.583220e-004
4.400000000000003e-002	1.129750e-010	2.583220e-004
4.500000000000003e-002	1.162452e-010	2.583220e-004
4.600000000000003e-002	1.196108e-010	2.583220e-004
4.700000000000004e-002	1.230748e-010	2.583220e-004
4.800000000000004e-002	1.266400e-010	2.583220e-004
4.900000000000004e-002	1.303094e-010	2.583220e-004
5.000000000000004e-002	1.340859e-010	2.583220e-004
5.100000000000004e-002	1.379728e-010	2.583220e-004
5.200000000000004e-002	1.419732e-010	2.583220e-004
5.300000000000004e-002	1.460904e-010	2.583220e-004
5.400000000000004e-002	1.503279e-010	2.583220e-004
5.500000000000004e-002	1.546891e-010	2.583220e-004
5.600000000000004e-002	1.591777e-010	2.583220e-004
5.700000000000004e-002	1.637974e-010	2.583220e-004
5.800000000000005e-002	1.685519e-010	2.583220e-004
5.900000000000005e-002	1.734452e-010	2.583220e-004
6.000000000000005e-002	1.784814e-010	2.583220e-004
6.100000000000005e-002	1.836647e-010	2.583220e-004
6.200000000000005e-002	1.889992e-010	2.583220e-004
6.300000000000004e-002	1.944894e-010	2.583220e-004
6.400000000000004e-002	2.001398e-010	2.583220e-004
6.500000000000004e-002	2.059552e-010	2.583220e-004
6.600000000000005e-002	2.119402e-010	2.583220e-004
6.700000000000005e-002	2.180999e-010	2.583220e-004
6.800000000000005e-002	2.244393e-010	2.583220e-004
6.900000000000005e-002	2.309636e-010	2.583220e-004
7.000000000000005e-002	2.376783e-010	2.583220e-004
7.100000000000005e-002	2.445888e-010	2.583220e-004
7.200000000000005e-002	2.517009e-010	2.583220e-004
7.300000000000005e-002	2.590205e-010	2.583220e-004
7.400000000000005e-002	2.665534e-010	2.583220e-004
7.500000000000005e-002	2.743061e-010	2.583220e-004
7.600000000000005e-002	2.822848e-010	2.583220e-004
7.700000000000006e-002	2.904960e-010	2.583220e-004
7.800000000000006e-002	2.989467e-010	2.583220e-004
7.900000000000006e-002	3.076437e-010	2.583220e-004
8.000000000000006e-002	3.165942e-010	2.583220e-004
8.100000000000006e-002	3.258055e-010	2.583220e-004
8.200000000000006e-002	3.352853e-010	2.583220e-004
8.300000000000006e-002	3.450413e-010	2.583220e-004
8.400000000000006e-002	3.550815e-010	2.583220e-004
8.500000000000006e-002	3.654143e-010	2.583220e-004
8.600000000000006e-002	3.760480e-010	2.583220e-004
8.700000000000006e-002	3.869915e-010	2.583220e-004
8.800000000000006e-002	3.982537e-010	2.583220e-004
8.900000000000007e-002	4.098438e-010	2.583220e-004
9.000000000000007e-002	4.217714e-010	2.583220e-004
9.100000000000007e-002	4.340463e-010	2.583220e-004
9.200000000000007e-002	4.466785e-010	2.583220e-004
9.300000000000007e-002	4.596784e-010	2.583220e-004
9.400000000000007e-002	4.730567e-010	2.583220e-004
9.500000000000007e-002	4.868244e-010	2.583220e-004
9.600000000000007e-002	5.009926e-010	2.583220e-004
9.700000000000007e-002	5.155730e-010	2.583220e-004
9.800000000000007e-002	5.305776e-010	2.583220e-004
9.900000000000007e-002	5.460187e-010	2.583220e-004
1.000000000000001e-001	5.619089e-010	2.583220e-004
1.010000000000001e-001	5.782611e-010	2.583220e-004
1.020000000000001e-001	5.950889e-010	2.583220e-004
1.030000000000001e-001	6.124058e-010	2.583220e-004
1.040000000000001e-001	6.302262e-010	2.583220e-004
1.050000000000001e-001	6.485645e-010	2.583220e-004
1.060000000000001e-001	6.674358e-010	2.583220e-004
1.070000000000001e-001	6.868555e-010	2.583220e-004
1.080000000000001e-001	7.068393e-010	2.583220e-004
1.090000000000001e-001	7.274037e-010	2.583220e-004
1.100000000000001e-001	7.485654e-010	2.583220e-004
1.110000000000001e-001	7.703416e-010	2.583220e-004
1.120000000000001e-001	7.927503e-010	2.583220e-004
1.130000000000001e-001	8.158095e-010	2.583220e-004
1.140000000000001e-001	8.395381e-010	2.583220e-004
1.150000000000001e-001	8.639554e-010	2.583220e-004
1.160000000000001e-001	8.890812e-010	2.583220e-004
1.170000000000001e-001	9.149361e-010	2.583220e-004
1.180000000000001e-001	9.415412e-010	2.583220e-004
1.190000000000001e-001	9.689179e-010	2.583220e-004
1.200000000000001e-001	9.970886e-010	2.583220e-004
1.210000000000001e-001	1.026076e-009	2.583220e-004
1.220000000000001e-001	1.055904e-009	2.583220e-004
1.230000000000001e-001	1.086597e-009	2.583220e-004
1.240000000000001e-001	1.118179e-009	2.583220e-004
1.250000000000001e-001	1.150676e-009	2.583220e-004
1.260000000000001e-001	1.184115e-009	2.583220e-004
1.270000000000001e-001	1.218523e-009	2.583220e-004
1.280000000000001e-001	1.253927e-009	2.583220e-004
1.290000000000001e-001	1.290356e-009	2.583220e-004
1.300000000000001e-001	1.327839e-009	2.583220e-004
1.310000000000001e-001	1.366408e-009	2.583220e-004
1.320000000000001e-001	1.406093e-009	2.583220e-004
1.330000000000001e-001	1.446926e-009	2.583220e-004
1.340000000000001e-001	1.488941e-009	2.583220e-004
1.350000000000001e-001	1.532171e-009	2.583220e-004
1.360000000000001e-001	1.576650e-009	2.583220e-004
1.370000000000001e-001	1.622416e-009	2.583220e-004
1.380000000000001e-001	1.669505e-009	2.583220e-004
1.390000000000001e-001	1.717954e-009	2.583220e-004
1.400000000000001e-001	1.767803e-009	2.583220e-004
1.410000000000001e-001	1.819092e-009	2.583220e-004
1.420000000000001e-001	1.871863e-009	2.583220e-004
1.430000000000001e-001	1.926157e-009	2.583220e-004
1.440000000000001e-001	1.982018e-009	2.583220e-004
1.450000000000001e-001	2.039492e-009	2.583220e-004
1.460000000000001e-001	2.098624e-009	2.583220e-004
1.470000000000001e-001	2.159462e-009	2.583220e-004
1.480000000000001e-001	2.222054e-009	2.583220e-004
1.490000000000001e-001	2.286451e-009	2.583220e-004
1.500000000000001e-001	2.352705e-009	2.583220e-004
1.510000000000001e-001	2.420867e-009	2.583220e-004
1.520000000000001e-001	2.490994e-009	2.583220e-004
1.530000000000001e-001	2.563141e-009	2.583220e-004
1.540000000000001e-001	2.637365e-009	2.583220e-004
1.550000000000001e-001	2.713726e-009	2.583220e-004
1.560000000000001e-001	2.792285e-009	2.583220e-004
1.570000000000001e-001	2.873104e-009	2.583220e-004
1.580000000000001e-001	2.956248e-009	2.583220e-004
1.590000000000001e-001	3.041783e-009	2.583220e-004
1.600000000000001e-001	3.129778e-009	2.583220e-004
1.610000000000001e-001	3.220301e-009	2.583220e-004
1.620000000000001e-001	3.313425e-009	2.583220e-004
1.630000000000001e-001	3.409225e-009	2.583220e-004
1.640000000000001e-001	3.507775e-009	2.583220e-004
1.650000000000001e-001	3.609155e-009	2.583220e-004
1.660000000000001e-001	3.713444e-009	2.583220e-004
1.670000000000001e-001	3.820725e-009	2.583220e-004
1.680000000000001e-001	3.931083e-009	2.583220e-004
1.690000000000001e-001	4.044605e-009	2.583220e-004
1.700000000000001e-001	4.161381e-009	2.583220e-004
1.710000000000001e-001	4.281502e-009	2.583220e-004
1.720000000000001e-001	4.405065e-009	2.583220e-004
1.730000000000001e-001	4.532166e-009	2.583220e-004
1.740000000000001e-001	4.662904e-009	2.583220e-004
1.750000000000001e-001	4.797384e-009	2.583220e-004
1.760000000000001e-001	4.935711e-009	2.583220e-004
1.770000000000001e-001	5.077993e-009	2.583220e-004
1.780000000000001e-001	5.224341e-009	2.583220e-004
1.790000000000001e-001	5.374872e-009	2.583220e-004
1.800000000000001e-001	5.529702e-009	2.583220e-004
1.810000000000001e-001	5.688953e-009	2.583220e-004
1.820000000000001e-001	5.852749e-009	2.583220e-004
1.830000000000001e-001	6.021218e-009	2.583220e-004
1.840000000000001e-001	6.194492e-009	2.583220e-004
1.850000000000001e-001	6.372705e-009	2.583220e-004
1.860000000000001e-001	6.555997e-009	2.583220e-004
1.870000000000001e-001	6.744510e-009	2.583220e-004
1.880000000000001e-001	6.938390e-009	2.583220e-004
1.890000000000001e-001	7.137789e-009	2.583220e-004
1.900000000000001e-001	7.342860e-009	2.583220e-004
1.910000000000001e-001	7.553763e-009	2.583220e-004
1.920000000000001e-001	7.770661e-009	2.583220e-004
1.930000000000001e-001	7.993720e-009	2.583220e-004
1.940000000000001e-001	8.223116e-009	2.583220e-004
1.950000000000002e-001	8.459022e-009	2.583220e-004
1.960000000000002e-001	8.701623e-009	2.583220e-004
1.970000000000002e-001	8.951103e-009	2.583220e-004
1.980000000000002e-001	9.207656e-009	2.583220e-004
1.990000000000002e-001	9.471478e-009	2.583220e-004
2.000000000000002e-001	9.742771e-009	2.583220e-004
2.010000000000002e-001	1.002174e-008	2.583220e-004
2.020000000000002e-001	1.030861e-008	2.583220e-004
2.030000000000002e-001	1.060359e-008	2.583220e-004
2.040000000000002e-001	1.090690e-008	2.583220e-004
2.050000000000002e-001	1.121878e-008	2.583220e-004
2.060000000000002e-001	1.153947e-008	2.583220e-004
2.070000000000002e-001	1.186921e-008	2.583220e-004
2.080000000000002e-001	1.220825e-008	2.583220e-004
2.090000000000002e-001	1.255685e-008	2.583220e-004
2.100000000000002e-001	1.291526e-008	2.583220e-004
2.110000000000002e-001	1.328377e-008	2.583220e-004
2.120000000000002e-001	1.366265e-008	2.583220e-004
2.130000000000002e-001	1.405219e-008	2.583220e-004
2.140000000000002e-001	1.445267e-008	2.583220e-004
2.150000000000002e-001	1.486441e-008	2.583220e-004
2.160000000000002e-001	1.528771e-008	2.583220e-004
2.170000000000002e-001	1.572288e-008	2.583220e-004
2.180000000000002e-001	1.617026e-008	2.583220e-004
2.190000000000002e-001	1.663018e-008	2.583220e-004
2.200000000000002e-001	1.710298e-008	2.583220e-004
2.210000000000002e-001	1.758901e-008	2.583220e-004
2.220000000000002e-001	1.808864e-008	2.583220e-004
2.230000000000002e-001	1.860223e-008	2.583220e-004
2.240000000000002e-001	1.913017e-008	2.583220e-004
2.250000000000002e-001	1.967285e-008	2.583220e-004
2.260000000000002e-001	2.023067e-008	2.583220e-004
2.270000000000002e-001	2.080404e-008	2.583220e-004
2.280000000000002e-001	2.139339e-008	2.583220e-004
2.290000000000002e-001	2.199915e-008	2.583220e-004
2.300000000000002e-001	2.262176e-008	2.583220e-004
2.310000000000002e-001	2.326167e-008	2.583220e-004
2.320000000000002e-001	2.391937e-008	2.583220e-004
2.330000000000002e-001	2.459532e-008	2.583220e-004
2.340000000000002e-001	2.529002e-008	2.583220e-004
2.350000000000002e-001	2.600398e-008	2.583220e-004
2.360000000000002e-001	2.673772e-008	2.583220e-004
2.370000000000002e-001	2.749177e-008	2.583220e-004
2.380000000000002e-001	2.826666e-008	2.583220e-004
2.390000000000002e-001	2.906297e-008	2.583220e-004
2.400000000000002e-001	2.988127e-008	2.583220e-004
2.410000000000002e-001	3.072215e-008	2.583220e-004
2.420000000000002e-001	3.158620e-008	2.583220e-004
2.430000000000002e-001	3.247406e-008	2.583220e-004
2.440000000000002e-001	3.338634e-008	2.583220e-004
2.450000000000002e-001	3.432372e-008	2.583220e-004
2.460000000000002e-001	3.528685e-008	2.583220e-004
2.470000000000002e-001	3.627641e-008	2.583220e-004
2.480000000000002e-001	3.729312e-008	2.583220e-004
2.490000000000002e-001	3.833768e-008	2.583220e-004
2.500000000000002e-001	3.941084e-008	2.583220e-004
2.510000000000002e-001	4.051336e-008	2.583220e-004
2.520000000000002e-001	4.164600e-008	2.583220e-004
2.530000000000002e-001	4.280956e-008	2.583220e-004
2.540000000000002e-001	4.400487e-008	2.583220e-004
2.550000000000002e-001	4.523274e-008	2.583220e-004
2.560000000000002e-001	4.649404e-008	2.583220e-004
2.570000000000002e-001	4.778964e-008	2.583220e-004
2.580000000000002e-001	4.912045e-008	2.583220e-004
2.590000000000002e-001	5.048738e-008	2.583220e-004
2.600000000000002e-001	5.189137e-008	2.583220e-004
2.610000000000002e-001	5.333340e-008	2.583220e-004
2.620000000000002e-001	5.481444e-008	2.583220e-004
2.630000000000002e-001	5.633552e-008	2.583220e-004
2.640000000000002e-001	5.789768e-008	2.583220e-004
2.650000000000002e-001	5.950197e-008	2.583220e-004
2.660000000000002e-001	6.114949e-008	2.583220e-004
2.670000000000002e-001	6.284136e-008	2.583220e-004
2.680000000000002e-001	6.457871e-008	2.583220e-004
2.690000000000002e-001	6.636273e-008	2.583220e-004
2.700000000000002e-001	6.819460e-008	2.583220e-004
2.710000000000002e-001	7.007556e-008	2.583220e-004
2.720000000000002e-001	7.200686e-008	2.583220e-004
2.730000000000002e-001	7.398980e-008	2.583220e-004
2.740000000000002e-001	7.602568e-008	2.583220e-004
2.750000000000002e-001	7.811585e-008	2.583220e-004
2.760000000000002e-001	8.026171e-008	2.583220e-004
2.770000000000002e-001	8.246467e-008	2.583220e-004
2.780000000000002e-001	8.472616e-008	2.583220e-004
2.790000000000002e-001	8.704767e-008	2.583220e-004
2.800000000000002e-001	8.943072e-008	2.583220e-004
2.810000000000002e-001	9.187686e-008	2.583220e-004
2.820000000000002e-001	9.438768e-008	2.583220e-004
2.830000000000002e-001	9.696480e-008	2.583220e-004
2.840000000000002e-001	9.960988e-008	2.583220e-004
2.850000000000002e-001	1.023246e-007	2.583220e-004
2.860000000000002e-001	1.051108e-007	2.583220e-004
2.870000000000002e-001	1.079701e-007	2.583220e-004
2.880000000000002e-001	1.109044e-007	2.583220e-004
2.890000000000002e-001	1.139156e-007	2.583220e-004
2.900000000000002e-001	1.170056e-007	2.583220e-004
2.910000000000002e-001	1.201763e-007	2.583220e-004
2.920000000000002e-001	1.234297e-007	2.583220e-004
2.930000000000002e-001	1.267678e-007	2.583220e-004
2.940000000000002e-001	1.301927e-007	2.583220e-004
2.950000000000002e-001	1.337067e-007	2.583220e-004
2.960000000000002e-001	1.373117e-007	2.583220e-004
2.970000000000002e-001	1.410101e-007	2.583220e-004
2.980000000000002e-001	1.448042e-007	2.583220e-004
2.990000000000002e-001	1.486962e-007	2.583220e-004
3.000000000000002e-001	1.526885e-007	2.583220e-004
3.010000000000002e-001	1.567836e-007	2.583220e-004
3.020000000000002e-001	1.609840e-007	2.583220e-004
3.030000000000002e-001	1.652921e-007	2.583220e-004
3.040000000000002e-001	1.697107e-007	2.583220e-004
3.050000000000002e-001	1.742422e-007	2.583220e-004
3.060000000000002e-001	1.788895e-007	2.583220e-004
3.070000000000002e-001	1.836552e-007	2.583220e-004
3.080000000000002e-001	1.885423e-007	2.583220e-004
3.090000000000002e-001	1.935536e-007	2.583220e-004
3.100000000000002e-001	1.986920e-007	2.583220e-004
3.110000000000002e-001	2.039606e-007	2.583220e-004
3.120000000000002e-001	2.093624e-007	2.583220e-004
3.130000000000002e-001	2.149006e-007	2.583220e-004
3.140000000000002e-001	2.205783e-007	2.583220e-004
3.150000000000002e-001	2.263989e-007	2.583220e-004
3.160000000000002e-001	2.323657e-007	2.583220e-004
3.170000000000002e-001	2.384820e-007	2.583220e-004
3.180000000000002e-001	2.447514e-007	2.583220e-004
3.190000000000002e-001	2.511775e-007	2.583220e-004
3.200000000000002e-001	2.577637e-007	2.583220e-004
3.210000000000002e-001	2.645139e-007	2.583220e-004
3.220000000000002e-001	2.714318e-007	2.583220e-004
3.230000000000002e-001	2.785213e-007	2.583220e-004
3.240000000000002e-001	2.857863e-007	2.583220e-004
3.250000000000002e-001	2.932308e-007	2.583220e-004
3.260000000000002e-001	3.008589e-007	2.583220e-004
3.270000000000002e-001	3.086747e-007	2.583220e-004
3.280000000000002e-001	3.166826e-007	2.583220e-004
3.290000000000002e-001	3.248869e-007	2.583220e-004
3.300000000000002e-001	3.332920e-007	2.583220e-004
3.310000000000002e-001	3.419024e-007	2.583220e-004
3.320000000000002e-001	3.507226e-007	2.583220e-004
3.330000000000002e-001	3.597576e-007	2.583220e-004
3.340000000000002e-001	3.690119e-007	2.583220e-004
3.350000000000002e-001	3.784905e-007	2.583220e-004
3.360000000000002e-001	3.881984e-007	2.583220e-004
3.370000000000002e-001	3.981406e-007	2.583220e-004
3.380000000000002e-001	4.083223e-007	2.583220e-004
3.390000000000003e-001	4.187488e-007	2.583220e-004
3.400000000000003e-001	4.294254e-007	2.583220e-004
3.410000000000003e-001	4.403576e-007	2.583220e-004
3.420000000000003e-001	4.515511e-007	2.583220e-004
3.430000000000003e-001	4.630114e-007	2.583220e-004
3.440000000000003e-001	4.747444e-007	2.583220e-004
3.450000000000003e-001	4.867559e-007	2.583220e-004
3.460000000000003e-001	4.990521e-007	2.583220e-004
3.470000000000003e-001	5.116389e-007	2.583220e-004
3.480000000000003e-001	5.245227e-007	2.583220e-004
3.490000000000003e-001	5.377098e-007	2.583220e-004
3.500000000000003e-001	5.512066e-007	2.583220e-004
3.510000000000003e-001	5.650198e-007	2.583220e-004
3.520000000000003e-001	5.791560e-007	2.583220e-004
3.530000000000003e-001	5.936221e-007	2.583220e-004
3.540000000000003e-001	6.084250e-007	2.583220e-004
3.550000000000003e-001	6.235718e-007	2.583220e-004
3.560000000000003e-001	6.390698e-007	2.583220e-004
3.570000000000003e-001	6.549262e-007	2.583220e-004
3.580000000000003e-001	6.711485e-007	2.583220e-004
3.590000000000003e-001	6.877443e-007	2.583220e-004
3.600000000000003e-001	7.047214e-007	2.583220e-004
3.610000000000003e-001	7.220876e-007	2.583220e-004
3.620000000000003e-001	7.398510e-007	2.583220e-004
3.630000000000003e-001	7.580196e-007	2.583220e-004
3.640000000000003e-001	7.766018e-007	2.583220e-004
3.650000000000003e-001	7.956060e-007	2.583220e-004
3.660000000000003e-001	8.150408e-007	2.583220e-004
3.670000000000003e-001	8.349149e-007	2.583220e-004
3.680000000000003e-001	8.552373e-007	2.583220e-004
3.690000000000003e-001	8.760168e-007	2.583220e-004
3.700000000000003e-001	8.972627e-007	2.583220e-004
3.710000000000003e-001	9.189845e-007	2.583220e-004
3.720000000000003e-001	9.411914e-007	2.583220e-004
3.730000000000003e-001	9.638934e-007	2.583220e-004
3.740000000000003e-001	9.871000e-007	2.583220e-004
3.750000000000003e-001	1.010821e-006	2.583220e-004
3.760000000000003e-001	1.035067e-006	2.583220e-004
3.770000000000003e-001	1.059849e-006	2.583220e-004
3.780000000000003e-001	1.085176e-006	2.583220e-004
3.790000000000003e-001	1.111059e-006	2.583220e-004
3.800000000000003e-001	1.137510e-006	2.583220e-004
3.810000000000003e-001	1.164539e-006	2.583220e-004
3.820000000000003e-001	1.192157e-006	2.583220e-004
3.830000000000003e-001	1.220376e-006	2.583220e-004
3.840000000000003e-001	1.249207e-006	2.583220e-004
3.850000000000003e-001	1.278662e-006	2.583220e-004
3.860000000000003e-001	1.308753e-006	2.583220e-004
3.870000000000003e-001	1.339492e-006	2.583220e-004
3.880000000000003e-001	1.370891e-006	2.583220e-004
3.890000000000003e-001	1.402963e-006	2.583220e-004
3.900000000000003e-001	1.435721e-006	2.583220e-004
3.910000000000003e-001	1.469177e-006	2.583220e-004
3.920000000000003e-001	1.503345e-006	2.583220e-004
3.930000000000003e-001	1.538237e-006	2.583220e-004
3.940000000000003e-001	1.573868e-006	2.583220e-004
3.950000000000003e-001	1.610250e-006	2.583220e-004
3.960000000000003e-001	1.647399e-006	2.583220e-004
3.970000000000003e-001	1.685327e-006	2.583220e-004
3.980000000000003e-001	1.724049e-006	2.583220e-004
3.990000000000003e-001	1.763581e-006	2.583220e-004
4.000000000000003e-001	1.803935e-006	2.583220e-004
4.010000000000003e-001	1.845129e-006	2.583220e-004
4.020000000000003e-001	1.887176e-006	2.583220e-004
4.030000000000003e-001	1.930091e-006	2.583220e-004
4.040000000000003e-001	1.973892e-006	2.583220e-004
4.050000000000003e-001	2.018593e-006	2.583220e-004
4.060000000000003e-001	2.064211e-006	2.583220e-004
4.070000000000003e-001	2.110762e-006	2.583220e-004
4.080000000000003e-001	2.158262e-006	2.583220e-004
4.090000000000003e-001	2.206728e-006	2.583220e-004
4.100000000000003e-001	2.256177e-006	2.583220e-004
4.110000000000003e-001	2.306627e-006	2.583220e-004
4.120000000000003e-001	2.358094e-006	2.583220e-004
4.130000000000003e-001	2.410597e-006	2.583220e-004
4.140000000000003e-001	2.464154e-006	2.583220e-004
4.150000000000003e-001	2.518782e-006	2.583220e-004
4.160000000000003e-001	2.574500e-006	2.583220e-004
4.170000000000003e-001	2.631327e-006	2.583220e-004
4.180000000000003e-001	2.689281e-006	2.583220e-004
4.190000000000003e-001	2.748382e-006	2.583220e-004
4.200000000000003e-001	2.808650e-006	2.583220e-004
4.210000000000003e-001	2.870103e-006	2.583220e-004
4.220000000000003e-001	2.932761e-006	2.583220e-004
4.230000000000003e-001	2.996646e-006	2.583220e-004
4.240000000000003e-001	3.061776e-006	2.583220e-004
4.250000000000003e-001	3.128173e-006	2.583220e-004
4.260000000000003e-001	3.195858e-006	2.583220e-004
4.270000000000003e-001	3.264852e-006	2.583220e-004
4.280000000000003e-001	3.335176e-006	2.583220e-004
4.290000000000003e-001	3.406851e-006	2.583220e-004
4.300000000000003e-001	3.479900e-006	2.583220e-004
4.310000000000003e-001	3.554345e-006	2.583220e-004
4.320000000000003e-001	3.630207e-006	2.583220e-004
4.330000000000003e-001	3.707511e-006	2.583220e-004
4.340000000000003e-001	3.786278e-006	2.583220e-004
4.350000000000003e-001	3.866532e-006	2.583220e-004
4.360000000000003e-001	3.948296e-006	2.583220e-004
4.370000000000003e-001	4.031594e-006	2.583220e-004
4.380000000000003e-001	4.116449e-006	2.583220e-004
4.390000000000003e-001	4.202885e-006	2.583220e-004
4.400000000000003e-001	4.290928e-006	2.583220e-004
4.410000000000003e-001	4.380601e-006	2.583220e-004
4.420000000000003e-001	4.471930e-006	2.583220e-004
4.430000000000003e-001	4.564939e-006	2.583220e-004
4.440000000000003e-001	4.659654e-006	2.583220e-004
4.450000000000003e-001	4.756100e-006	2.583220e-004
4.460000000000003e-001	4.854304e-006	2.583220e-004
4.470000000000003e-001	4.954290e-006	2.583220e-004
4.480000000000003e-001	5.056086e-006	2.583220e-004
4.490000000000003e-001	5.159718e-006	2.583220e-004
4.500000000000003e-001	5.265212e-006	2.583220e-004
4.510000000000004e-001	5.372596e-006	2.583220e-004
4.520000000000004e-001	5.481896e-006	2.583220e-004
4.530000000000004e-001	5.593140e-006	2.583220e-004
4.540000000000004e-001	5.706356e-006	2.583220e-004
4.550000000000004e-001	5.821571e-006	2.583220e-004
4.560000000000004e-001	5.938813e-006	2.583220e-004
4.570000000000004e-001	6.058110e-006	2.583220e-004
4.580000000000004e-001	6.179491e-006	2.583220e-004
4.590000000000004e-001	6.302984e-006	2.583220e-004
4.600000000000004e-001	6.428618e-006	2.583220e-004
4.610000000000004e-001	6.556422e-006	2.583220e-004
4.620000000000004e-001	6.686425e-006	2.583220e-004
4.630000000000004e-001	6.818657e-006	2.583220e-004
4.640000000000004e-001	6.953146e-006	2.583220e-004
4.650000000000004e-001	7.089922e-006	2.583220e-004
4.660000000000004e-001	7.229015e-006	2.583220e-004
4.670000000000004e-001	7.370456e-006	2.583220e-004
4.680000000000004e-001	7.514273e-006	2.583220e-004
4.690000000000004e-001	7.660497e-006	2.583220e-004
4.700000000000004e-001	7.809160e-006	2.583220e-004
4.710000000000004e-001	7.960290e-006	2.583220e-004
4.720000000000004e-001	8.113919e-006	2.583220e-004
4.730000000000004e-001	8.270076e-006	2.583220e-004
4.740000000000004e-001	8.428794e-006	2.583220e-004
4.750000000000004e-001	8.590103e-006	2.583220e-004
4.760000000000004e-001	8.754033e-006	2.583220e-004
4.770000000000004e-001	8.920616e-006	2.583220e-004
4.780000000000004e-001	9.089884e-006	2.583220e-004
4.790000000000004e-001	9.261867e-006	2.583220e-004
4.800000000000004e-001	9.436595e-006	2.583220e-004
4.810000000000004e-001	9.614102e-006	2.583220e-004
4.820000000000004e-001	9.794418e-006	2.583220e-004
4.830000000000004e-001	9.977574e-006	2.583220e-004
4.840000000000004e-001	1.016360e-005	2.583220e-004
4.850000000000004e-001	1.035254e-005	2.583220e-004
4.860000000000004e-001	1.054440e-005	2.583220e-004
4.870000000000004e-001	1.073924e-005	2.583220e-004
4.880000000000004e-001	1.093707e-005	2.583220e-004
4.890000000000004e-001	1.113793e-005	2.583220e-004
4.900000000000004e-001	1.134185e-005	2.583220e-004
4.910000000000004e-001	1.154886e-005	2.583220e-004
4.920000000000004e-001	1.175900e-005	2.583220e-004
4.930000000000004e-001	1.197229e-005	2.583220e-004
4.940000000000004e-001	1.218876e-005	2.583220e-004
4.950000000000004e-001	1.240846e-005	2.583220e-004
4.960000000000004e-001	1.263140e-005	2.583220e-004
4.970000000000004e-001	1.285762e-005	2.583220e-004
4.980000000000004e-001	1.308715e-005	2.583220e-004
4.990000000000004e-001	1.332002e-005	2.583220e-004
5.000000000000003e-001	1.355626e-005	2.583220e-004
5.010000000000003e-001	1.379590e-005	2.583220e-004
5.020000000000003e-001	1.403898e-005	2.583220e-004
5.030000000000003e-001	1.428552e-005	2.583220e-004
5.040000000000003e-001	1.453555e-005	2.583220e-004
5.050000000000003e-001	1.478910e-005	2.583220e-004
5.060000000000003e-001	1.504620e-005	2.583220e-004
5.070000000000003e-001	1.530689e-005	2.583220e-004
5.080000000000003e-001	1.557119e-005	2.583220e-004
5.090000000000003e-001	1.583912e-005	2.583220e-004
5.100000000000003e-001	1.611073e-005	2.583220e-004
5.110000000000003e-001	1.638603e-005	2.583220e-004
5.120000000000003e-001	1.666506e-005	2.583220e-004
5.130000000000003e-001	1.694784e-005	2.583220e-004
5.140000000000004e-001	1.723440e-005	2.583220e-004
5.150000000000004e-001	1.752478e-005	2.583220e-004
5.160000000000004e-001	1.781899e-005	2.583220e-004
5.170000000000004e-001	1.811706e-005	2.583220e-004
5.180000000000004e-001	1.841903e-005	2.583220e-004
5.190000000000004e-001	1.872491e-005	2.583220e-004
5.200000000000004e-001	1.903473e-005	2.583220e-004
5.210000000000004e-001	1.934853e-005	2.583220e-004
5.220000000000004e-001	1.966632e-005	2.583220e-004
5.230000000000004e-001	1.998813e-005	2.583220e-004
5.240000000000004e-001	2.031398e-005	2.583220e-004
5.250000000000004e-001	2.064391e-005	2.583220e-004
5.260000000000004e-001	2.097792e-005	2.583220e-004
5.270000000000004e-001	2.131605e-005	2.583220e-004
5.280000000000004e-001	2.165833e-005	2.583220e-004
5.290000000000004e-001	2.200476e-005	2.583220e-004
5.300000000000004e-001	2.235539e-005	2.583220e-004
5.310000000000004e-001	2.271022e-005	2.583220e-004
5.320000000000004e-001	2.306928e-005	2.583220e-004
5.330000000000004e-001	2.343259e-005	2.583220e-004
5.340000000000004e-001	2.380017e-005	2.583220e-004
5.350000000000004e-001	2.417205e-005	2.583220e-004
5.360000000000004e-001	2.454824e-005	2.583220e-004
5.370000000000004e-001	2.492876e-005	2.583220e-004
5.380000000000004e-001	2.531363e-005	2.583220e-004
5.390000000000004e-001	2.570287e-005	2.583220e-004
5.400000000000004e-001	2.609650e-005	2.583220e-004
5.410000000000004e-001	2.649453e-005	2.583220e-004
5.420000000000004e-001	2.689699e-005	2.583220e-004
5.430000000000004e-001	2.730389e-005	2.583220e-004
5.440000000000004e-001	2.771524e-005	2.583220e-004
5.450000000000004e-001	2.813107e-005	2.583220e-004
5.460000000000004e-001	2.855138e-005	2.583220e-004
5.470000000000004e-001	2.897620e-005	2.583220e-004
5.480000000000004e-001	2.940553e-005	2.583220e-004
5.490000000000004e-001	2.983940e-005	2.583220e-004
5.500000000000004e-001	3.027780e-005	2.583220e-004
5.510000000000004e-001	3.072077e-005	2.583220e-004
5.520000000000004e-001	3.116830e-005	2.583220e-004
5.530000000000004e-001	3.162042e-005	2.583220e-004
5.540000000000004e-001	3.207712e-005	2.583220e-004
5.550000000000004e-001	3.253843e-005	2.583220e-004
5.560000000000004e-001	3.300435e-005	2.583220e-004
5.570000000000004e-001	3.347490e-005	2.583220e-004
5.580000000000004e-001	3.395008e-005	2.583220e-004
5.590000000000004e-001	3.442990e-005	2.583220e-004
5.600000000000004e-001	3.491437e-005	2.583220e-004
5.610000000000004e-001	3.540349e-005	2.583220e-004
5.620000000000004e-001	3.589728e-005	2.583220e-004
5.630000000000004e-001	3.639574e-005	2.583220e-004
5.640000000000004e-001	3.689888e-005	2.583220e-004
5.650000000000004e-001	3.740670e-005	2.583220e-004
5.660000000000004e-001	3.791921e-005	2.583220e-004
5.670000000000004e-001	3.843641e-005	2.583220e-004
5.680000000000004e-001	3.895830e-005	2.583220e-004
5.690000000000004e-001	3.948490e-005	2.583220e-004
5.700000000000004e-001	4.001620e-005	2.583220e-004
5.710000000000004e-001	4.055220e-005	2.583220e-004
5.720000000000004e-001	4.109292e-005	2.583220e-004
5.730000000000004e-001	4.163834e-005	2.583220e-004
5.740000000000004e-001	4.218847e-005	2.583220e-004
5.750000000000004e-001	4.274331e-005	2.583220e-004
5.760000000000004e-001	4.330287e-005	2.583220e-004
5.770000000000004e-001	4.386713e-005	2.583220e-004
5.780000000000004e-001	4.443610e-005	2.583220e-004
5.790000000000004e-001	4.500978e-005	2.583220e-004
5.800000000000004e-001	4.558816e-005	2.583220e-004
5.810000000000004e-001	4.617125e-005	2.583220e-004
5.820000000000004e-001	4.675903e-005	2.583220e-004
5.830000000000004e-001	4.735152e-005	2.583220e-004
5.840000000000004e-001	4.794870e-005	2.583220e-004
5.850000000000004e-001	4.855056e-005	2.583220e-004
5.860000000000004e-001	4.915711e-005	2.583220e-004
5.870000000000004e-001	4.976834e-005	2.583220e-004
5.880000000000004e-001	5.038424e-005	2.583220e-004
5.890000000000004e-001	5.100481e-005	2.583220e-004
5.900000000000004e-001	5.163004e-005	2.583220e-004
5.910000000000004e-001	5.225992e-005	2.583220e-004
5.920000000000004e-001	5.289445e-005	2.583220e-004
5.930000000000004e-001	5.353362e-005	2.583220e-004
5.940000000000004e-001	5.417742e-005	2.583220e-004
5.950000000000004e-001	5.482584e-005	2.583220e-004
5.960000000000004e-001	5.547887e-005	2.583220e-004
5.970000000000004e-001	5.613650e-005	2.583220e-004
5.980000000000004e-001	5.679873e-005	2.583220e-004
5.990000000000004e-001	5.746554e-005	2.583220e-004
6.000000000000004e-001	5.813692e-005	2.583220e-004
6.010000000000004e-001	5.881286e-005	2.583220e-004
6.020000000000004e-001	5.949336e-005	2.583220e-004
6.030000000000004e-001	6.017839e-005	2.583220e-004
6.040000000000004e-001	6.086795e-005	2.583220e-004
6.050000000000004e-001	6.156202e-005	2.583220e-004
6.060000000000004e-001	6.226059e-005	2.583220e-004
6.070000000000004e-001	6.296366e-005	2.583220e-004
6.080000000000004e-001	6.367120e-005	2.583220e-004
6.090000000000004e-001	6.438320e-005	2.583220e-004
6.100000000000004e-001	6.509964e-005	2.583220e-004
6.110000000000004e-001	6.582052e-005	2.583220e-004
6.120000000000004e-001	6.654582e-005	2.583220e-004
6.130000000000004e-001	6.727552e-005	2.583220e-004
6.140000000000004e-001	6.800961e-005	2.583220e-004
6.150000000000004e-001	6.874807e-005	2.583220e-004
6.160000000000004e-001	6.949090e-005	2.583220e-004
6.170000000000004e-001	7.023806e-005	2.583220e-004
6.180000000000004e-001	7.098955e-005	2.583220e-004
6.190000000000004e-001	7.174534e-005	2.583220e-004
6.200000000000004e-001	7.250543e-005	2.583220e-004
6.210000000000004e-001	7.326980e-005	2.583220e-004
6.220000000000004e-001	7.403841e-005	2.583220e-004
6.230000000000004e-001	7.481128e-005	2.583220e-004
6.240000000000004e-001	7.558836e-005	2.583220e-004
6.250000000000004e-001	7.636965e-005	2.583220e-004
6.260000000000004e-001	7.715513e-005	2.583220e-004
6.270000000000005e-001	7.794478e-005	2.583220e-004
6.280000000000005e-001	7.873858e-005	2.583220e-004
6.290000000000005e-001	7.953651e-005	2.583220e-004
6.300000000000005e-001	8.033856e-005	2.583220e-004
6.310000000000005e-001	8.114470e-005	2.583220e-004
6.320000000000005e-001	8.195491e-005	2.583220e-004
6.330000000000005e-001	8.276918e-005	2.583220e-004
6.340000000000005e-001	8.358749e-005	2.583220e-004
6.350000000000005e-001	8.440982e-005	2.583220e-004
6.360000000000005e-001	8.523615e-005	2.583220e-004
6.370000000000005e-001	8.606645e-005	2.583220e-004
6.380000000000005e-001	8.690071e-005	2.583220e-004
6.390000000000005e-001	8.773891e-005	2.583220e-004
6.400000000000005e-001	8.858103e-005	2.583220e-004
6.410000000000005e-001	8.942705e-005	2.583220e-004
6.420000000000005e-001	9.027695e-005	2.583220e-004
6.430000000000005e-001	9.113070e-005	2.583220e-004
6.440000000000005e-001	9.198830e-005	2.583220e-004
6.450000000000005e-001	9.284970e-005	2.583220e-004
6.460000000000005e-001	9.371491e-005	2.583220e-004
6.470000000000005e-001	9.458388e-005	2.583220e-004
6.480000000000005e-001	9.545662e-005	2.583220e-004
6.490000000000005e-001	9.633309e-005	2.583220e-004
6.500000000000005e-001	9.721327e-005	2.583220e-004
6.510000000000005e-001	9.809715e-005	2.583220e-004
6.520000000000005e-001	9.898469e-005	2.583220e-004
6.530000000000005e-001	9.987588e-005	2.583220e-004
6.540000000000005e-001	1.007707e-004	2.583220e-004
6.550000000000005e-001	1.016691e-004	2.583220e-004
6.560000000000005e-001	1.025712e-004	2.583220e-004
6.570000000000005e-001	1.034767e-004	2.583220e-004
6.580000000000005e-001	1.043859e-004	2.583220e-004
6.590000000000005e-001	1.052985e-004	2.583220e-004
6.600000000000005e-001	1.062147e-004	2.583220e-004
6.610000000000005e-001	1.071343e-004	2.583220e-004
6.620000000000005e-001	1.080574e-004	2.583220e-004
6.630000000000005e-001	1.089840e-004	2.583220e-004
6.640000000000005e-001	1.099139e-004	2.583220e-004
6.650000000000005e-001	1.108473e-004	2.583220e-004
6.660000000000005e-001	1.117840e-004	2.583220e-004
6.670000000000005e-001	1.127241e-004	2.583220e-004
6.680000000000005e-001	1.136675e-004	2.583220e-004
6.690000000000005e-001	1.146142e-004	2.583220e-004
6.700000000000005e-001	1.155642e-004	2.583220e-004
6.710000000000005e-001	1.165175e-004	2.583220e-004
6.720000000000005e-001	1.174741e-004	2.583220e-004
6.730000000000005e-001	1.184338e-004	2.583220e-004
6.740000000000005e-001	1.193968e-004	2.583220e-004
6.750000000000005e-001	1.203630e-004	2.583220e-004
6.760000000000005e-001	1.213323e-004	2.583220e-004
6.770000000000005e-001	1.223048e-004	2.583220e-004
6.780000000000005e-001	1.232804e-004	2.583220e-004
6.790000000000005e-001	1.242591e-004	2.583220e-004
6.800000000000005e-001	1.252409e-004	2.583220e-004
6.810000000000005e-001	1.262257e-004	2.583220e-004
6.820000000000005e-001	1.272136e-004	2.583220e-004
6.830000000000005e-001	1.282045e-004	2.583220e-004
6.840000000000005e-001	1.291984e-004	2.583220e-004
6.850000000000005e-001	1.301953e-004	2.583220e-004
6.860000000000005e-001	1.311952e-004	2.583220e-004
6.870000000000005e-001	1.321980e-004	2.583220e-004
6.880000000000005e-001	1.332037e-004	2.583220e-004
6.890000000000005e-001	1.342123e-004	2.583220e-004
6.900000000000005e-001	1.352238e-004	2.583220e-004
6.910000000000005e-001	1.362382e-004	2.583220e-004
6.920000000000005e-001	1.372554e-004	2.583220e-004
6.930000000000005e-001	1.382754e-004	2.583220e-004
6.940000000000005e-001	1.392983e-004	2.583220e-004
6.950000000000005e-001	1.403239e-004	2.583220e-004
6.960000000000005e-001	1.413523e-004	2.583220e-004
6.970000000000005e-001	1.423834e-004	2.583220e-004
6.980000000000005e-001	1.434173e-004	2.583220e-004
6.990000000000005e-001	1.444538e-004	2.583220e-004
7.000000000000005e-001	1.454931e-004	2.583220e-004
7.010000000000005e-001	1.465350e-004	2.583220e-004
7.020000000000005e-001	1.475796e-004	2.583220e-004
7.030000000000005e-001	1.486268e-004	2.583220e-004
7.040000000000005e-001	1.496766e-004	2.583220e-004
7.050000000000005e-001	1.507290e-004	2.583220e-004
7.060000000000005e-001	1.517840e-004	2.583220e-004
7.070000000000005e-001	1.528415e-004	2.583220e-004
7.080000000000005e-001	1.539016e-004	2.583220e-004
7.090000000000005e-001	1.549642e-004	2.583220e-004
7.100000000000005e-001	1.560293e-004	2.583220e-004
7.110000000000005e-001	1.570969e-004	2.583220e-004
7.120000000000005e-001	1.581670e-004	2.583220e-004
7.130000000000005e-001	1.592395e-004	2.583220e-004
7.140000000000005e-001	1.603145e-004	2.583220e-004
7.150000000000005e-001	1.613919e-004	2.583220e-004
7.160000000000005e-001	1.624716e-004	2.583220e-004
7.170000000000005e-001	1.635538e-004	2.583220e-004
7.180000000000005e-001	1.646383e-004	2.583220e-004
7.190000000000005e-001	1.657252e-004	2.583220e-004
7.200000000000005e-001	1.668144e-004	2.583220e-004
7.210000000000005e-001	1.679059e-004	2.583220e-004
7.220000000000005e-001	1.689997e-004	2.583220e-004
7.230000000000005e-001	1.700958e-004	2.583220e-004
7.240000000000005e-001	1.711941e-004	2.583220e-004
7.250000000000005e-001	1.722947e-004	2.583220e-004
7.260000000000005e-001	1.733975e-004	2.583220e-004
7.270000000000005e-001	1.745026e-004	2.583220e-004
7.280000000000005e-001	1.756098e-004	2.583220e-004
7.290000000000005e-001	1.767193e-004	2.583220e-004
7.300000000000005e-001	1.778309e-004	2.583220e-004
7.310000000000005e-001	1.789446e-004	2.583220e-004
7.320000000000005e-001	1.800605e-004	2.583220e-004
7.330000000000005e-001	1.811785e-004	2.583220e-004
7.340000000000005e-001	1.822987e-004	2.583220e-004
7.350000000000005e-001	1.834209e-004	2.583220e-004
7.360000000000005e-001	1.845452e-004	2.583220e-004
7.370000000000005e-001	1.856715e-004	2.583220e-004
7.380000000000005e-001	1.867999e-004	2.583220e-004
7.390000000000006e-001	1.879303e-004	2.583220e-004
7.400000000000006e-001	1.890628e-004	2.583220e-004
7.410000000000006e-001	1.901972e-004	2.583220e-004
7.420000000000006e-001	1.913337e-004	2.583220e-004
7.430000000000006e-001	1.924721e-004	2.583220e-004
7.440000000000006e-001	1.936125e-004	2.583220e-004
7.450000000000006e-001	1.947548e-004	2.583220e-004
7.460000000000006e-001	1.958990e-004	2.583220e-004
7.470000000000006e-001	1.970452e-004	2.583220e-004
7.480000000000006e-001	1.981933e-004	2.583220e-004
7.490000000000006e-001	1.993432e-004	2.583220e-004
7.500000000000006e-001	2.004951e-004	2.583220e-004
7.510000000000006e-001	2.016488e-004	2.583220e-004
7.520000000000006e-001	2.028043e-004	2.583220e-004
7.530000000000006e-001	2.039617e-004	2.583220e-004
7.540000000000006e-001	2.051209e-004	2.583220e-004
7.550000000000006e-001	2.062819e-004	2.583220e-004
7.560000000000006e-001	2.074448e-004	2.583220e-004
7.570000000000006e-001	2.086094e-004	2.583220e-004
7.580000000000006e-001	2.097757e-004	2.583220e-004
7.590000000000006e-001	2.109439e-004	2.583220e-004
7.600000000000006e-001	2.121138e-004	2.583220e-004
7.610000000000006e-001	2.132854e-004	2.583220e-004
7.620000000000006e-001	2.144587e-004	2.583220e-004
7.630000000000006e-001	2.156338e-004	2.583220e-004
7.640000000000006e-001	2.168105e-004	2.583220e-004
7.650000000000006e-001	2.179890e-004	2.583220e-004
7.660000000000006e-001	2.191691e-004	2.583220e-004
7.670000000000006e-001	2.203508e-004	2.583220e-004
7.680000000000006e-001	2.215343e-004	2.583220e-004
7.690000000000006e-001	2.227193e-004	2.583220e-004
7.700000000000006e-001	2.239060e-004	2.583220e-004
7.710000000000006e-001	2.250943e-004	2.583220e-004
7.720000000000006e-001	2.262842e-004	2.583220e-004
7.730000000000006e-001	2.274757e-004	2.583220e-004
7.740000000000006e-001	2.286688e-004	2.583220e-004
7.750000000000006e-001	2.298634e-004	2.583220e-004
7.760000000000006e-001	2.310596e-004	2.583220e-004
7.770000000000006e-001	2.322574e-004	2.583220e-004
7.780000000000006e-001	2.334567e-004	2.583220e-004
7.790000000000006e-001	2.346575e-004	2.583220e-004
7.800000000000006e-001	2.358598e-004	2.583220e-004
7.810000000000006e-001	2.370637e-004	2.583220e-004
7.820000000000006e-001	2.382690e-004	2.583220e-004
7.830000000000006e-001	2.394758e-004	2.583220e-004
7.840000000000006e-001	2.406841e-004	2.583220e-004
7.850000000000006e-001	2.418939e-004	2.583220e-004
7.860000000000006e-001	2.431051e-004	2.583220e-004
7.870000000000006e-001	2.443178e-004	2.583220e-004
7.880000000000006e-001	2.455319e-004	2.583220e-004
7.890000000000006e-001	2.467474e-004	2.583220e-004
7.900000000000006e-001	2.479643e-004	2.583220e-004
7.910000000000006e-001	2.491827e-004	2.583220e-004
7.920000000000006e-001	2.504024e-004	2.583220e-004
7.930000000000006e-001	2.516235e-004	2.583220e-004
7.940000000000006e-001	2.528460e-004	2.583220e-004
7.950000000000006e-001	2.540699e-004	2.583220e-004
7.960000000000006e-001	2.552951e-004	2.583220e-004
7.970000000000006e-001	2.565217e-004	2.583220e-004
7.980000000000006e-001	2.577495e-004	2.583220e-004
7.990000000000006e-001	2.589788e-004	2.583220e-004
8.000000000000006e-001	2.602093e-004	2.583220e-004
8.010000000000006e-001	2.614412e-004	2.583220e-004
8.020000000000006e-001	2.626744e-004	2.583220e-004
8.030000000000006e-001	2.639088e-004	2.583220e-004
8.040000000000006e-001	2.651446e-004	2.583220e-004
8.050000000000006e-001	2.663816e-004	2.583220e-004
8.060000000000006e-001	2.676199e-004	2.583220e-004
8.070000000000006e-001	2.688595e-004	2.583220e-004
8.080000000000006e-001	2.701003e-004	2.583220e-004
8.090000000000006e-001	2.713423e-004	2.583220e-004
8.100000000000006e-001	2.725856e-004	2.583220e-004
8.110000000000006e-001	2.738301e-004	2.583220e-004
8.120000000000006e-001	2.750758e-004	2.583220e-004
8.130000000000006e-001	2.763227e-004	2.583220e-004
8.140000000000006e-001	2.775709e-004	2.583220e-004
8.150000000000006e-001	2.788202e-004	2.583220e-004
8.160000000000006e-001	2.800707e-004	2.583220e-004
8.170000000000006e-001	2.813224e-004	2.583220e-004
8.180000000000006e-001	2.825753e-004	2.583220e-004
8.190000000000006e-001	2.838293e-004	2.583220e-004
8.200000000000006e-001	2.850845e-004	2.583220e-004
8.210000000000006e-001	2.863408e-004	2.583220e-004
8.220000000000006e-001	2.875983e-004	2.583220e-004
8.230000000000006e-001	2.888569e-004	2.583220e-004
8.240000000000006e-001	2.901166e-004	2.583220e-004
8.250000000000006e-001	2.913774e-004	2.583220e-004
8.260000000000006e-001	2.926394e-004	2.583220e-004
8.270000000000006e-001	2.939024e-004	2.583220e-004
8.280000000000006e-001	2.951666e-004	2.583220e-004
8.290000000000006e-001	2.964318e-004	2.583220e-004
8.300000000000006e-001	2.976981e-004	2.583220e-004
8.310000000000006e-001	2.989655e-004	2.583220e-004
8.320000000000006e-001	3.002340e-004	2.583220e-004
8.330000000000006e-001	3.015035e-004	2.583220e-004
8.340000000000006e-001	3.027741e-004	2.583220e-004
8.350000000000006e-001	3.040457e-004	2.583220e-004
8.360000000000006e-001	3.053184e-004	2.583220e-004
8.370000000000006e-001	3.065921e-004	2.583220e-004
8.380000000000006e-001	3.078668e-004	2.583220e-004
8.390000000000006e-001	3.091425e-004	2.583220e-004
8.400000000000006e-001	3.104193e-004	2.583220e-004
8.410000000000006e-001	3.116970e-004	2.583220e-004
8.420000000000006e-001	3.129758e-004	2.583220e-004
8.430000000000006e-001	3.142555e-004	2.583220e-004
8.440000000000006e-001	3.155363e-004	2.583220e-004
8.450000000000006e-001	3.168180e-004	2.583220e-004
8.460000000000006e-001	3.181007e-004	2.583220e-004
8.470000000000006e-001	3.193844e-004	2.583220e-004
8.480000000000006e-001	3.206690e-004	2.583220e-004
8.490000000000006e-001	3.219546e-004	2.583220e-004
8.500000000000006e-001	3.232412e-004	2.583220e-004
8.510000000000006e-001	3.245286e-004	2.583220e-004
8.520000000000007e-001	3.258171e-004	2.583220e-004
8.530000000000007e-001	3.271064e-004	2.583220e-004
8.540000000000007e-001	3.283967e-004	2.583220e-004
8.550000000000007e-001	3.296879e-004	2.583220e-004
8.560000000000007e-001	3.309801e-004	2.583220e-004
8.570000000000007e-001	3.322731e-004	2.583220e-004
8.580000000000007e-001	3.335670e-004	2.583220e-004
8.590000000000007e-001	3.348619e-004	2.583220e-004
8.600000000000007e-001	3.361576e-004	2.583220e-004
8.610000000000007e-001	3.374542e-004	2.583220e-004
8.620000000000007e-001	3.387517e-004	2.583220e-004
8.630000000000007e-001	3.400501e-004	2.583220e-004
8.640000000000007e-001	3.413493e-004	2.583220e-004
8.650000000000007e-001	3.426494e-004	2.583220e-004
8.660000000000007e-001	3.439504e-004	2.583220e-004
8.670000000000007e-001	3.452522e-004	2.583220e-004
8.680000000000007e-001	3.465549e-004	2.583220e-004
8.690000000000007e-001	3.478584e-004	2.583220e-004
8.700000000000007e-001	3.491628e-004	2.583220e-004
8.710000000000007e-001	3.504680e-004	2.583220e-004
8.720000000000007e-001	3.517740e-004	2.583220e-004
8.730000000000007e-001	3.530809e-004	2.583220e-004
8.740000000000007e-001	3.543885e-004	2.583220e-004
8.750000000000007e-001	3.556970e-004	2.583220e-004
8.760000000000007e-001	3.570063e-004	2.583220e-004
8.770000000000007e-001	3.583164e-004	2.583220e-004
8.780000000000007e-001	3.596273e-004	2.583220e-004
8.790000000000007e-001	3.609390e-004	2.583220e-004
8.800000000000007e-001	3.622514e-004	2.583220e-004
8.810000000000007e-001	3.635647e-004	2.583220e-004
8.820000000000007e-001	3.648788e-004	2.583220e-004
8.830000000000007e-001	3.661936e-004	2.583220e-004
8.840000000000007e-001	3.675092e-004	2.583220e-004
8.850000000000007e-001	3.688255e-004	2.583220e-004
8.860000000000007e-001	3.701426e-004	2.583220e-004
8.870000000000007e-001	3.714605e-004	2.583220e-004
8.880000000000007e-001	3.727791e-004	2.583220e-004
8.890000000000007e-001	3.740985e-004	2.583220e-004
8.900000000000007e-001	3.754186e-004	2.583220e-004
8.910000000000007e-001	3.767395e-004	2.583220e-004
8.920000000000007e-001	3.780611e-004	2.583220e-004
8.930000000000007e-001	3.793834e-004	2.583220e-004
8.940000000000007e-001	3.807064e-004	2.583220e-004
8.950000000000007e-001	3.820302e-004	2.583220e-004
8.960000000000007e-001	3.833546e-004	2.583220e-004
8.970000000000007e-001	3.846798e-004	2.583220e-004
8.980000000000007e-001	3.860057e-004	2.583220e-004
8.990000000000007e-001	3.873323e-004	2.583220e-004
9.000000000000007e-001	3.886597e-004	2.583220e-004
9.010000000000007e-001	3.899876e-004	2.583220e-004
9.020000000000007e-001	3.913163e-004	2.583220e-004
9.030000000000007e-001	3.926457e-004	2.583220e-004
9.040000000000007e-001	3.939758e-004	2.583220e-004
9.050000000000007e-001	3.953065e-004	2.583220e-004
9.060000000000007e-001	3.966379e-004	2.583220e-004
9.070000000000007e-001	3.979700e-004	2.583220e-004
9.080000000000007e-001	3.993028e-004	2.583220e-004
9.090000000000007e-001	4.006362e-004	2.583220e-004
9.100000000000007e-001	4.019703e-004	2.583220e-004
9.110000000000007e-001	4.033050e-004	2.583220e-004
9.120000000000007e-001	4.046404e-004	2.583220e-004
9.130000000000007e-001	4.059764e-004	2.583220e-004
9.140000000000007e-001	4.073131e-004	2.583220e-004
9.150000000000007e-001	4.086504e-004	2.583220e-004
9.160000000000007e-001	4.099883e-004	2.583220e-004
9.170000000000007e-001	4.113269e-004	2.583220e-004
9.180000000000007e-001	4.126662e-004	2.583220e-004
9.190000000000007e-001	4.140060e-004	2.583220e-004
9.200000000000007e-001	4.153464e-004	2.583220e-004
9.210000000000007e-001	4.166875e-004	2.583220e-004
9.220000000000007e-001	4.180292e-004	2.583220e-004
9.230000000000007e-001	4.193715e-004	2.583220e-004
9.240000000000007e-001	4.207144e-004	2.583220e-004
9.250000000000007e-001	4.220579e-004	2.583220e-004
9.260000000000007e-001	4.234021e-004	2.583220e-004
9.270000000000007e-001	4.247467e-004	2.583220e-004
9.280000000000007e-001	4.260921e-004	2.583220e-004
9.290000000000007e-001	4.274379e-004	2.583220e-004
9.300000000000007e-001	4.287844e-004	2.583220e-004
9.310000000000007e-001	4.301315e-004	2.583220e-004
9.320000000000007e-001	4.314791e-004	2.583220e-004
9.330000000000007e-001	4.328273e-004	2.583220e-004
9.340000000000007e-001	4.341761e-004	2.583220e-004
9.350000000000007e-001	4.355255e-004	2.583220e-004
9.360000000000007e-001	4.368754e-004	2.583220e-004
9.370000000000007e-001	4.382259e-004	2.583220e-004
9.380000000000007e-001	4.395770e-004	2.583220e-004
9.390000000000007e-001	4.409285e-004	2.583220e-004
9.400000000000007e-001	4.422807e-004	2.583220e-004
9.410000000000007e-001	4.436334e-004	2.583220e-004
9.420000000000007e-001	4.449867e-004	2.583220e-004
9.430000000000007e-001	4.463404e-004	2.583220e-004
9.440000000000007e-001	4.476948e-004	2.583220e-004
9.450000000000007e-001	4.490496e-004	2.583220e-004
9.460000000000007e-001	4.504050e-004	2.583220e-004
9.470000000000007e-001	4.517610e-004	2.583220e-004
9.480000000000007e-001	4.531174e-004	2.583220e-004
9.490000000000007e-001	4.544744e-004	2.583220e-004
9.500000000000007e-001	4.558319e-004	2.583220e-004
9.510000000000007e-001	4.571899e-004	2.583220e-004
9.520000000000007e-001	4.585485e-004	2.583220e-004
9.530000000000007e-001	4.599075e-004	2.583220e-004
9.540000000000007e-001	4.612671e-004	2.583220e-004
9.550000000000007e-001	4.626272e-004	2.583220e-004
9.560000000000007e-001	4.639878e-004	2.583220e-004
9.570000000000007e-001	4.653488e-004	2.583220e-004
9.580000000000007e-001	4.667104e-004	2.583220e-004
9.590000000000007e-001	4.680725e-004	2.583220e-004
9.600000000000007e-001	4.694350e-004	2.583220e-004
9.610000000000007e-001	4.707981e-004	2.583220e-004
9.620000000000007e-001	4.721616e-004	2.583220e-004
9.630000000000007e-001	4.735256e-004	2.583220e-004
9.640000000000008e-001	4.748901e-004	2.583220e-004
9.650000000000008e-001	4.762551e-004	2.583220e-004
9.660000000000008e-001	4.776205e-004	2.583220e-004
9.670000000000008e-001	4.789865e-004	2.583220e-004
9.680000000000008e-001	4.803529e-004	2.583220e-004
9.690000000000008e-001	4.817197e-004	2.583220e-004
9.700000000000008e-001	4.830871e-004	2.583220e-004
9.710000000000008e-001	4.844548e-004	2.583220e-004
9.720000000000008e-001	4.858231e-004	2.583220e-004
9.730000000000008e-001	4.871918e-004	2.583220e-004
9.740000000000008e-001	4.885609e-004	2.583220e-004
9.750000000000008e-001	4.899306e-004	2.583220e-004
9.760000000000008e-001	4.913006e-004	2.583220e-004
9.770000000000008e-001	4.926711e-004	2.583220e-004
9.780000000000008e-001	4.940421e-004	2.583220e-004
9.790000000000008e-001	4.954134e-004	2.583220e-004
9.800000000000008e-001	4.967852e-004	2.583220e-004
9.810000000000008e-001	4.981575e-004	2.583220e-004
9.820000000000008e-001	4.995302e-004	2.583220e-004
9.830000000000008e-001	5.009033e-004	2.583220e-004
9.840000000000008e-001	5.022768e-004	2.583220e-004
9.850000000000008e-001	5.036508e-004	2.583220e-004
9.860000000000008e-001	5.050252e-004	2.583220e-004
9.870000000000008e-001	5.064000e-004	2.583220e-004
9.880000000000008e-001	5.077753e-004	2.583220e-004
9.890000000000008e-001	5.091509e-004	2.583220e-004
9.900000000000008e-001	5.105270e-004	2.583220e-004
9.910000000000008e-001	5.119034e-004	2.583220e-004
9.920000000000008e-001	5.132803e-004	2.583220e-004
9.930000000000008e-001	5.146576e-004	2.583220e-004
9.940000000000008e-001	5.160353e-004	2.583220e-004
9.950000000000008e-001	5.174134e-004	2.583220e-004
9.960000000000008e-001	5.187919e-004	2.583220e-004
9.970000000000008e-001	5.201708e-004	2.583220e-004
9.980000000000008e-001	5.215501e-004	2.583220e-004
9.990000000000008e-001	5.229297e-004	2.583220e-004
1.000000000000001e+000	5.243098e-004	2.583220e-004
1.001000000000001e+000	5.256902e-004	2.583220e-004
1.002000000000000e+000	5.270711e-004	2.583220e-004
1.003000000000000e+000	5.284523e-004	2.583220e-004
1.004000000000000e+000	5.298339e-004	2.583220e-004
1.005000000000000e+000	5.312159e-004	2.583220e-004
1.006000000000000e+000	5.325982e-004	2.583220e-004
1.007000000000000e+000	5.339809e-004	2.583220e-004
1.008000000000000e+000	5.353640e-004	2.583220e-004
1.009000000000000e+000	5.367475e-004	2.583220e-004
1.010000000000000e+000	5.381313e-004	2.583220e-004
1.011000000000000e+000	5.395155e-004	2.583220e-004
1.011999999999999e+000	5.409001e-004	2.583220e-004
1.012999999999999e+000	5.422850e-004	2.583220e-004
1.013999999999999e+000	5.436703e-004	2.583220e-004
1.014999999999999e+000	5.450559e-004	2.583220e-004
1.015999999999999e+000	5.464419e-004	2.583220e-004
1.016999999999999e+000	5.478283e-004	2.583220e-004
1.017999999999999e+000	5.492150e-004	2.583220e-004
1.018999999999999e+000	5.506020e-004	2.583220e-004
1.019999999999999e+000	5.519894e-004	2.583220e-004
1.020999999999998e+000	5.533771e-004	2.583220e-004
1.021999999999998e+000	5.547652e-004	2.583220e-004
1.022999999999998e+000	5.561536e-004	2.583220e-004
1.023999999999998e+000	5.575423e-004	2.583220e-004
1.024999999999998e+000	5.589314e-004	2.583220e-004
1.025999999999998e+000	5.603209e-004	2.583220e-004
1.026999999999998e+000	5.617106e-004	2.583220e-004
1.027999999999998e+000	5.631007e-004	2.583220e-004
1.028999999999998e+000	5.644911e-004	2.583220e-004
1.029999999999997e+000	5.658818e-004	2.583220e-004
1.030999999999997e+000	5.672729e-004	2.583220e-004
1.031999999999997e+000	5.686643e-004	2.583220e-004
1.032999999999997e+000	5.700560e-004	2.583220e-004
1.033999999999997e+000	5.714480e-004	2.583220e-004
1.034999999999997e+000	5.728403e-004	2.583220e-004
1.035999999999997e+000	5.742330e-004	2.583220e-004
1.036999999999997e+000	5.756259e-004	2.583220e-004
1.037999999999997e+000	5.770192e-004	2.583220e-004
1.038999999999996e+000	5.784128e-004	2.583220e-004
1.039999999999996e+000	5.798067e-004	2.583220e-004
1.040999999999996e+000	5.812009e-004	2.583220e-004
1.041999999999996e+000	5.825954e-004	2.583220e-004
1.042999999999996e+000	5.839902e-004	2.583220e-004
1.043999999999996e+000	5.853852e-004	2.583220e-004
1.044999999999996e+000	5.867807e-004	2.583220e-004
1.045999999999996e+000	5.881764e-004	2.583220e-004
1.046999999999996e+000	5.895723e-004	2.583220e-004
1.047999999999995e+000	5.909686e-004	2.583220e-004
1.048999999999995e+000	5.923652e-004	2.583220e-004
1.049999999999995e+000	5.937620e-004	2.583220e-004
1.050999999999995e+000	5.951591e-004	2.583220e-004
1.051999999999995e+000	5.965566e-004	2.583220e-004
1.052999999999995e+000	5.979543e-004	2.583220e-004
1.053999999999995e+000	5.993523e-004	2.583220e-004
1.054999999999995e+000	6.007506e-004	2.583220e-004
1.055999999999995e+000	6.021491e-004	2.583220e-004
1.056999999999994e+000	6.035479e-004	2.583220e-004
1.057999999999994e+000	6.049470e-004	2.583220e-004
1.058999999999994e+000	6.063464e-004	2.583220e-004
1.059999999999994e+000	6.077460e-004	2.583220e-004
1.060999999999994e+000	6.091460e-004	2.583220e-004
1.061999999999994e+000	6.105461e-004	2.583220e-004
1.062999999999994e+000	6.119466e-004	2.583220e-004
1.063999999999994e+000	6.133473e-004	2.583220e-004
1.064999999999994e+000	6.147482e-004	2.583220e-004
1.065999999999993e+000	6.161495e-004	2.583220e-004
1.066999999999993e+000	6.175510e-004	2.583220e-004
1.067999999999993e+000	6.189527e-004	2.583220e-004
1.068999999999993e+000	6.203547e-004	2.583220e-004
1.069999999999993e+000	6.217570e-004	2.583220e-004
1.070999999999993e+000	6.231595e-004	2.583220e-004
1.071999999999993e+000	6.245623e-004	2.583220e-004
1.072999999999993e+000	6.259653e-004	2.583220e-004
1.073999999999993e+000	6.273685e-004	2.583220e-004
1.074999999999992e+000	6.287721e-004	2.583220e-004
1.075999999999992e+000	6.301758e-004	2.583220e-004
1.076999999999992e+000	6.315798e-004	2.583220e-004
1.077999999999992e+000	6.329840e-004	2.583220e-004
1.078999999999992e+000	6.343885e-004	2.583220e-004
1.079999999999992e+000	6.357933e-004	2.583220e-004
1.080999999999992e+000	6.371982e-004	2.583220e-004
1.081999999999992e+000	6.386034e-004	2.583220e-004
1.082999999999992e+000	6.400088e-004	2.583220e-004
1.083999999999991e+000	6.414145e-004	2.583220e-004
1.084999999999991e+000	6.428204e-004	2.583220e-004
1.085999999999991e+000	6.442264e-004	2.583220e-004
1.086999999999991e+000	6.456328e-004	2.583220e-004
1.087999999999991e+000	6.470394e-004	2.583220e-004
1.088999999999991e+000	6.484462e-004	2.583220e-004
1.089999999999991e+000	6.498532e-004	2.583220e-004
1.090999999999991e+000	6.512604e-004	2.583220e-004
1.091999999999991e+000	6.526679e-004	2.583220e-004
1.092999999999990e+000	6.540756e-004	2.583220e-004
1.093999999999990e+000	6.554835e-004	2.583220e-004
1.094999999999990e+000	6.568916e-004	2.583220e-004
1.095999999999990e+000	6.582999e-004	2.583220e-004
1.096999999999990e+000	6.597085e-004	2.583220e-004
1.097999999999990e+000	6.611173e-004	2.583220e-004
1.098999999999990e+000	6.625262e-004	2.583220e-004
1.099999999999990e+000	6.639354e-004	2.583220e-004
1.100999999999990e+000	6.653448e-004	2.583220e-004
1.101999999999989e+000	6.667544e-004	2.583220e-004
1.102999999999989e+000	6.681642e-004	2.583220e-004
1.103999999999989e+000	6.695741e-004	2.583220e-004
1.104999999999989e+000	6.709843e-004	2.583220e-004
1.105999999999989e+000	6.723948e-004	2.583220e-004
1.106999999999989e+000	6.738054e-004	2.583220e-004
1.107999999999989e+000	6.752161e-004	2.583220e-004
1.108999999999989e+000	6.766272e-004	2.583220e-004
1.109999999999989e+000	6.780383e-004	2.583220e-004
1.110999999999988e+000	6.794497e-004	2.583220e-004
1.111999999999988e+000	6.808613e-004	2.583220e-004
1.112999999999988e+000	6.822731e-004	2.583220e-004
1.113999999999988e+000	6.836850e-004	2.583220e-004
1.114999999999988e+000	6.850972e-004	2.583220e-004
1.115999999999988e+000	6.865095e-004	2.583220e-004
1.116999999999988e+000	6.879220e-004	2.583220e-004
1.117999999999988e+000	6.893347e-004	2.583220e-004
1.118999999999988e+000	6.907476e-004	2.583220e-004
1.119999999999988e+000	6.921607e-004	2.583220e-004
1.120999999999987e+000	6.935739e-004	2.583220e-004
1.121999999999987e+000	6.949874e-004	2.583220e-004
1.122999999999987e+000	6.964009e-004	2.583220e-004
1.123999999999987e+000	6.978147e-004	2.583220e-004
1.124999999999987e+000	6.992287e-004	2.583220e-004
1.125999999999987e+000	7.006428e-004	2.583220e-004
1.126999999999987e+000	7.020572e-004	2.583220e-004
1.127999999999987e+000	7.034716e-004	2.583220e-004
1.128999999999987e+000	7.048863e-004	2.583220e-004
1.129999999999986e+000	7.063011e-004	2.583220e-004
1.130999999999986e+000	7.077161e-004	2.583220e-004
1.131999999999986e+000	7.091312e-004	2.583220e-004
1.132999999999986e+000	7.105466e-004	2.583220e-004
1.133999999999986e+000	7.119621e-004	2.583220e-004
1.134999999999986e+000	7.133777e-004	2.583220e-004
1.135999999999986e+000	7.147935e-004	2.583220e-004
1.136999999999986e+000	7.162095e-004	2.583220e-004
1.137999999999986e+000	7.176256e-004	2.583220e-004
1.138999999999985e+000	7.190419e-004	2.583220e-004
1.139999999999985e+000	7.204583e-004	2.583220e-004
1.140999999999985e+000	7.218749e-004	2.583220e-004
1.141999999999985e+000	7.232917e-004	2.583220e-004
1.142999999999985e+000	7.247086e-004	2.583220e-004
1.143999999999985e+000	7.261257e-004	2.583220e-004
1.144999999999985e+000	7.275429e-004	2.583220e-004
1.145999999999985e+000	7.289603e-004	2.583220e-004
1.146999999999985e+000	7.303777e-004	2.583220e-004
1.147999999999984e+000	7.317954e-004	2.583220e-004
1.148999999999984e+000	7.332132e-004	2.583220e-004
1.149999999999984e+000	7.346312e-004	2.583220e-004
1.150999999999984e+000	7.360493e-004	2.583220e-004
1.151999999999984e+000	7.374675e-004	2.583220e-004
1.152999999999984e+000	7.388859e-004	2.583220e-004
1.153999999999984e+000	7.403044e-004	2.583220e-004
1.154999999999984e+000	7.417231e-004	2.583220e-004
1.155999999999984e+000	7.431419e-004	2.583220e-004
1.156999999999983e+000	7.445608e-004	2.583220e-004
1.157999999999983e+000	7.459799e-004	2.583220e-004
1.158999999999983e+000	7.473991e-004	2.583220e-004
1.159999999999983e+000	7.488185e-004	2.583220e-004
1.160999999999983e+000	7.502380e-004	2.583220e-004
1.161999999999983e+000	7.516576e-004	2.583220e-004
1.162999999999983e+000	7.530773e-004	2.583220e-004
1.163999999999983e+000	7.544972e-004	2.583220e-004
1.164999999999983e+000	7.559172e-004	2.583220e-004
1.165999999999982e+000	7.573373e-004	2.583220e-004
1.166999999999982e+000	7.587576e-004	2.583220e-004
1.167999999999982e+000	7.601780e-004	2.583220e-004
1.168999999999982e+000	7.615985e-004	2.583220e-004
1.169999999999982e+000	7.630191e-004	2.583220e-004
1.170999999999982e+000	7.644399e-004	2.583220e-004
1.171999999999982e+000	7.658608e-004	2.583220e-004
1.172999999999982e+000	7.672817e-004	2.583220e-004
1.173999999999982e+000	7.687029e-004	2.583220e-004
1.174999999999981e+000	7.701241e-004	2.583220e-004
1.175999999999981e+000	7.715455e-004	2.583220e-004
1.176999999999981e+000	7.729669e-004	2.583220e-004
1.177999999999981e+000	7.743886e-004	2.583220e-004
1.178999999999981e+000	7.758102e-004	2.583220e-004
1.179999999999981e+000	7.772321e-004	2.583220e-004
1.180999999999981e+000	7.786539e-004	2.583220e-004
1.181999999999981e+000	7.800760e-004	2.583220e-004
1.182999999999981e+000	7.814982e-004	2.583220e-004
1.183999999999980e+000	7.829204e-004	2.583220e-004
1.184999999999980e+000	7.843428e-004	2.583220e-004
1.185999999999980e+000	7.857652e-004	2.583220e-004
1.186999999999980e+000	7.871878e-004	2.583220e-004
1.187999999999980e+000	7.886105e-004	2.583220e-004
1.188999999999980e+000	7.900333e-004	2.583220e-004
1.189999999999980e+000	7.914562e-004	2.583220e-004
1.190999999999980e+000	7.928792e-004	2.583220e-004
1.191999999999980e+000	7.943023e-004	2.583220e-004
1.192999999999979e+000	7.957255e-004	2.583220e-004
1.193999999999979e+000	7.971488e-004	2.583220e-004
1.194999999999979e+000	7.985722e-004	2.583220e-004
1.195999999999979e+000	7.999957e-004	2.583220e-004
1.196999999999979e+000	8.014193e-004	2.583220e-004
1.197999999999979e+000	8.028430e-004	2.583220e-004
1.198999999999979e+000	8.042668e-004	2.583220e-004
1.200000000000000e+000	8.056907e-004	2.583220e-004
