v1	V(vsp)	V(n001)	Id(M1)	Id(M2)
0.000000000000000e+000	0.000000e+000	5.000000e-001	0.000000e+000	-0.000000e+000
1.000000000000000e-003	1.000000e-003	5.000000e-001	2.053355e-007	4.362085e-008
2.000000000000000e-003	2.000000e-003	5.000000e-001	4.068362e-007	8.658598e-008
3.000000000000000e-003	3.000000e-003	5.000000e-001	6.045304e-007	1.288969e-007
4.000000000000000e-003	4.000000e-003	5.000000e-001	7.984467e-007	1.705551e-007
5.000000000000000e-003	5.000000e-003	5.000000e-001	9.886138e-007	2.115623e-007
6.000000000000000e-003	6.000000e-003	5.000000e-001	1.175061e-006	2.519202e-007
7.000000000000000e-003	7.000000e-003	5.000000e-001	1.357817e-006	2.916304e-007
8.000000000000000e-003	8.000000e-003	5.000000e-001	1.536912e-006	3.306948e-007
9.000000000000001e-003	9.000000e-003	5.000000e-001	1.712375e-006	3.691154e-007
1.000000000000000e-002	1.000000e-002	5.000000e-001	1.884237e-006	4.068940e-007
1.100000000000000e-002	1.100000e-002	5.000000e-001	2.052529e-006	4.440328e-007
1.200000000000000e-002	1.200000e-002	5.000000e-001	2.217282e-006	4.805339e-007
1.300000000000001e-002	1.300000e-002	5.000000e-001	2.378527e-006	5.163995e-007
1.400000000000001e-002	1.400000e-002	5.000000e-001	2.536296e-006	5.516321e-007
1.500000000000001e-002	1.500000e-002	5.000000e-001	2.690621e-006	5.862339e-007
1.600000000000001e-002	1.600000e-002	5.000000e-001	2.841536e-006	6.202076e-007
1.700000000000001e-002	1.700000e-002	5.000000e-001	2.989074e-006	6.535558e-007
1.800000000000001e-002	1.800000e-002	5.000000e-001	3.133269e-006	6.862813e-007
1.900000000000001e-002	1.900000e-002	5.000000e-001	3.274155e-006	7.183870e-007
2.000000000000001e-002	2.000000e-002	5.000000e-001	3.411769e-006	7.498759e-007
2.100000000000001e-002	2.100000e-002	5.000000e-001	3.546145e-006	7.807510e-007
2.200000000000001e-002	2.200000e-002	5.000000e-001	3.677319e-006	8.110157e-007
2.300000000000001e-002	2.300000e-002	5.000000e-001	3.805331e-006	8.406734e-007
2.400000000000001e-002	2.400000e-002	5.000000e-001	3.930216e-006	8.697275e-007
2.500000000000002e-002	2.500000e-002	5.000000e-001	4.052014e-006	8.981820e-007
2.600000000000002e-002	2.600000e-002	5.000000e-001	4.170764e-006	9.260404e-007
2.700000000000002e-002	2.700000e-002	5.000000e-001	4.286506e-006	9.533070e-007
2.800000000000002e-002	2.800000e-002	5.000000e-001	4.399281e-006	9.799859e-007
2.900000000000002e-002	2.900000e-002	5.000000e-001	4.509131e-006	1.006081e-006
3.000000000000002e-002	3.000000e-002	5.000000e-001	4.616099e-006	1.031598e-006
3.100000000000002e-002	3.100000e-002	5.000000e-001	4.720227e-006	1.056540e-006
3.200000000000002e-002	3.200000e-002	5.000000e-001	4.821559e-006	1.080914e-006
3.300000000000002e-002	3.300000e-002	5.000000e-001	4.920141e-006	1.104723e-006
3.400000000000002e-002	3.400000e-002	5.000000e-001	5.016018e-006	1.127972e-006
3.500000000000002e-002	3.500000e-002	5.000000e-001	5.109236e-006	1.150669e-006
3.600000000000003e-002	3.600000e-002	5.000000e-001	5.199844e-006	1.172818e-006
3.700000000000003e-002	3.700000e-002	5.000000e-001	5.287888e-006	1.194425e-006
3.800000000000003e-002	3.800000e-002	5.000000e-001	5.373418e-006	1.215496e-006
3.900000000000003e-002	3.900000e-002	5.000000e-001	5.456483e-006	1.236037e-006
4.000000000000003e-002	4.000000e-002	5.000000e-001	5.537133e-006	1.256055e-006
4.100000000000003e-002	4.100000e-002	5.000000e-001	5.615419e-006	1.275557e-006
4.200000000000003e-002	4.200000e-002	5.000000e-001	5.691393e-006	1.294550e-006
4.300000000000003e-002	4.300000e-002	5.000000e-001	5.765105e-006	1.313040e-006
4.400000000000003e-002	4.400000e-002	5.000000e-001	5.836609e-006	1.331034e-006
4.500000000000003e-002	4.500000e-002	5.000000e-001	5.905957e-006	1.348542e-006
4.600000000000003e-002	4.600000e-002	5.000000e-001	5.973201e-006	1.365569e-006
4.700000000000004e-002	4.700000e-002	5.000000e-001	6.038396e-006	1.382124e-006
4.800000000000004e-002	4.800000e-002	5.000000e-001	6.101595e-006	1.398215e-006
4.900000000000004e-002	4.900000e-002	5.000000e-001	6.162851e-006	1.413850e-006
5.000000000000004e-002	5.000000e-002	5.000000e-001	6.222218e-006	1.429038e-006
5.100000000000004e-002	5.100000e-002	5.000000e-001	6.279749e-006	1.443788e-006
5.200000000000004e-002	5.200000e-002	5.000000e-001	6.335498e-006	1.458107e-006
5.300000000000004e-002	5.300000e-002	5.000000e-001	6.389518e-006	1.472005e-006
5.400000000000004e-002	5.400000e-002	5.000000e-001	6.441861e-006	1.485490e-006
5.500000000000004e-002	5.500000e-002	5.000000e-001	6.492581e-006	1.498573e-006
5.600000000000004e-002	5.600000e-002	5.000000e-001	6.541728e-006	1.511262e-006
5.700000000000004e-002	5.700000e-002	5.000000e-001	6.589355e-006	1.523566e-006
5.800000000000005e-002	5.800000e-002	5.000000e-001	6.635512e-006	1.535494e-006
5.900000000000005e-002	5.900000e-002	5.000000e-001	6.680249e-006	1.547057e-006
6.000000000000005e-002	6.000000e-002	5.000000e-001	6.723614e-006	1.558263e-006
6.100000000000005e-002	6.100000e-002	5.000000e-001	6.765657e-006	1.569123e-006
6.200000000000005e-002	6.200000e-002	5.000000e-001	6.806424e-006	1.579645e-006
6.300000000000004e-002	6.300000e-002	5.000000e-001	6.845963e-006	1.589838e-006
6.400000000000004e-002	6.400000e-002	5.000000e-001	6.884317e-006	1.599713e-006
6.500000000000004e-002	6.500000e-002	5.000000e-001	6.921533e-006	1.609279e-006
6.600000000000005e-002	6.600000e-002	5.000000e-001	6.957652e-006	1.618545e-006
6.700000000000005e-002	6.700000e-002	5.000000e-001	6.992716e-006	1.627520e-006
6.800000000000005e-002	6.800000e-002	5.000000e-001	7.026767e-006	1.636214e-006
6.900000000000005e-002	6.900000e-002	5.000000e-001	7.059845e-006	1.644635e-006
7.000000000000005e-002	7.000000e-002	5.000000e-001	7.091986e-006	1.652793e-006
7.100000000000005e-002	7.100000e-002	5.000000e-001	7.123229e-006	1.660696e-006
7.200000000000005e-002	7.200000e-002	5.000000e-001	7.153610e-006	1.668353e-006
7.300000000000005e-002	7.300000e-002	5.000000e-001	7.183163e-006	1.675772e-006
7.400000000000005e-002	7.400000e-002	5.000000e-001	7.211921e-006	1.682963e-006
7.500000000000005e-002	7.500000e-002	5.000000e-001	7.239918e-006	1.689932e-006
7.600000000000005e-002	7.600000e-002	5.000000e-001	7.267183e-006	1.696689e-006
7.700000000000006e-002	7.700000e-002	5.000000e-001	7.293747e-006	1.703240e-006
7.800000000000006e-002	7.800000e-002	5.000000e-001	7.319639e-006	1.709594e-006
7.900000000000006e-002	7.900000e-002	5.000000e-001	7.344886e-006	1.715758e-006
8.000000000000006e-002	8.000000e-002	5.000000e-001	7.369515e-006	1.721739e-006
8.100000000000006e-002	8.100000e-002	5.000000e-001	7.393551e-006	1.727544e-006
8.200000000000006e-002	8.200000e-002	5.000000e-001	7.417018e-006	1.733180e-006
8.300000000000006e-002	8.300000e-002	5.000000e-001	7.439940e-006	1.738654e-006
8.400000000000006e-002	8.400000e-002	5.000000e-001	7.462338e-006	1.743972e-006
8.500000000000006e-002	8.500000e-002	5.000000e-001	7.484235e-006	1.749140e-006
8.600000000000006e-002	8.600000e-002	5.000000e-001	7.505651e-006	1.754163e-006
8.700000000000006e-002	8.700000e-002	5.000000e-001	7.526604e-006	1.759049e-006
8.800000000000006e-002	8.800000e-002	5.000000e-001	7.547114e-006	1.763803e-006
8.900000000000007e-002	8.900000e-002	5.000000e-001	7.567199e-006	1.768429e-006
9.000000000000007e-002	9.000000e-002	5.000000e-001	7.586875e-006	1.772932e-006
9.100000000000007e-002	9.100000e-002	5.000000e-001	7.606159e-006	1.777319e-006
9.200000000000007e-002	9.200000e-002	5.000000e-001	7.625066e-006	1.781594e-006
9.300000000000007e-002	9.300000e-002	5.000000e-001	7.643611e-006	1.785760e-006
9.400000000000007e-002	9.400000e-002	5.000000e-001	7.661807e-006	1.789824e-006
9.500000000000007e-002	9.500000e-002	5.000000e-001	7.679670e-006	1.793788e-006
9.600000000000007e-002	9.600000e-002	5.000000e-001	7.697209e-006	1.797657e-006
9.700000000000007e-002	9.700000e-002	5.000000e-001	7.714440e-006	1.801435e-006
9.800000000000007e-002	9.800000e-002	5.000000e-001	7.731373e-006	1.805125e-006
9.900000000000007e-002	9.900000e-002	5.000000e-001	7.748019e-006	1.808731e-006
1.000000000000001e-001	1.000000e-001	5.000000e-001	7.764389e-006	1.812257e-006
1.010000000000001e-001	1.010000e-001	5.000000e-001	7.780493e-006	1.815706e-006
1.020000000000001e-001	1.020000e-001	5.000000e-001	7.796340e-006	1.819080e-006
1.030000000000001e-001	1.030000e-001	5.000000e-001	7.811941e-006	1.822383e-006
1.040000000000001e-001	1.040000e-001	5.000000e-001	7.827302e-006	1.825618e-006
1.050000000000001e-001	1.050000e-001	5.000000e-001	7.842435e-006	1.828787e-006
1.060000000000001e-001	1.060000e-001	5.000000e-001	7.857345e-006	1.831893e-006
1.070000000000001e-001	1.070000e-001	5.000000e-001	7.872040e-006	1.834939e-006
1.080000000000001e-001	1.080000e-001	5.000000e-001	7.886530e-006	1.837926e-006
1.090000000000001e-001	1.090000e-001	5.000000e-001	7.900818e-006	1.840858e-006
1.100000000000001e-001	1.100000e-001	5.000000e-001	7.914914e-006	1.843736e-006
1.110000000000001e-001	1.110000e-001	5.000000e-001	7.928822e-006	1.846562e-006
1.120000000000001e-001	1.120000e-001	5.000000e-001	7.942550e-006	1.849339e-006
1.130000000000001e-001	1.130000e-001	5.000000e-001	7.956102e-006	1.852068e-006
1.140000000000001e-001	1.140000e-001	5.000000e-001	7.969486e-006	1.854751e-006
1.150000000000001e-001	1.150000e-001	5.000000e-001	7.982705e-006	1.857390e-006
1.160000000000001e-001	1.160000e-001	5.000000e-001	7.995765e-006	1.859986e-006
1.170000000000001e-001	1.170000e-001	5.000000e-001	8.008671e-006	1.862541e-006
1.180000000000001e-001	1.180000e-001	5.000000e-001	8.021428e-006	1.865057e-006
1.190000000000001e-001	1.190000e-001	5.000000e-001	8.034040e-006	1.867535e-006
1.200000000000001e-001	1.200000e-001	5.000000e-001	8.046511e-006	1.869976e-006
1.210000000000001e-001	1.210000e-001	5.000000e-001	8.058845e-006	1.872382e-006
1.220000000000001e-001	1.220000e-001	5.000000e-001	8.071048e-006	1.874753e-006
1.230000000000001e-001	1.230000e-001	5.000000e-001	8.083121e-006	1.877092e-006
1.240000000000001e-001	1.240000e-001	5.000000e-001	8.095069e-006	1.879399e-006
1.250000000000001e-001	1.250000e-001	5.000000e-001	8.106897e-006	1.881675e-006
1.260000000000001e-001	1.260000e-001	5.000000e-001	8.118604e-006	1.883922e-006
1.270000000000001e-001	1.270000e-001	5.000000e-001	8.130198e-006	1.886140e-006
1.280000000000001e-001	1.280000e-001	5.000000e-001	8.141679e-006	1.888331e-006
1.290000000000001e-001	1.290000e-001	5.000000e-001	8.153052e-006	1.890494e-006
1.300000000000001e-001	1.300000e-001	5.000000e-001	8.164318e-006	1.892632e-006
1.310000000000001e-001	1.310000e-001	5.000000e-001	8.175482e-006	1.894745e-006
1.320000000000001e-001	1.320000e-001	5.000000e-001	8.186544e-006	1.896834e-006
1.330000000000001e-001	1.330000e-001	5.000000e-001	8.197508e-006	1.898899e-006
1.340000000000001e-001	1.340000e-001	5.000000e-001	8.208377e-006	1.900942e-006
1.350000000000001e-001	1.350000e-001	5.000000e-001	8.219152e-006	1.902962e-006
1.360000000000001e-001	1.360000e-001	5.000000e-001	8.229837e-006	1.904961e-006
1.370000000000001e-001	1.370000e-001	5.000000e-001	8.240431e-006	1.906940e-006
1.380000000000001e-001	1.380000e-001	5.000000e-001	8.250940e-006	1.908899e-006
1.390000000000001e-001	1.390000e-001	5.000000e-001	8.261364e-006	1.910838e-006
1.400000000000001e-001	1.400000e-001	5.000000e-001	8.271706e-006	1.912758e-006
1.410000000000001e-001	1.410000e-001	5.000000e-001	8.281967e-006	1.914660e-006
1.420000000000001e-001	1.420000e-001	5.000000e-001	8.292148e-006	1.916544e-006
1.430000000000001e-001	1.430000e-001	5.000000e-001	8.302253e-006	1.918411e-006
1.440000000000001e-001	1.440000e-001	5.000000e-001	8.312282e-006	1.920261e-006
1.450000000000001e-001	1.450000e-001	5.000000e-001	8.322238e-006	1.922095e-006
1.460000000000001e-001	1.460000e-001	5.000000e-001	8.332121e-006	1.923913e-006
1.470000000000001e-001	1.470000e-001	5.000000e-001	8.341934e-006	1.925716e-006
1.480000000000001e-001	1.480000e-001	5.000000e-001	8.351677e-006	1.927503e-006
1.490000000000001e-001	1.490000e-001	5.000000e-001	8.361353e-006	1.929276e-006
1.500000000000001e-001	1.500000e-001	5.000000e-001	8.370963e-006	1.931035e-006
1.510000000000001e-001	1.510000e-001	5.000000e-001	8.380507e-006	1.932780e-006
1.520000000000001e-001	1.520000e-001	5.000000e-001	8.389989e-006	1.934511e-006
1.530000000000001e-001	1.530000e-001	5.000000e-001	8.399407e-006	1.936229e-006
1.540000000000001e-001	1.540000e-001	5.000000e-001	8.408766e-006	1.937935e-006
1.550000000000001e-001	1.550000e-001	5.000000e-001	8.418064e-006	1.939628e-006
1.560000000000001e-001	1.560000e-001	5.000000e-001	8.427303e-006	1.941308e-006
1.570000000000001e-001	1.570000e-001	5.000000e-001	8.436486e-006	1.942977e-006
1.580000000000001e-001	1.580000e-001	5.000000e-001	8.445611e-006	1.944634e-006
1.590000000000001e-001	1.590000e-001	5.000000e-001	8.454682e-006	1.946280e-006
1.600000000000001e-001	1.600000e-001	5.000000e-001	8.463698e-006	1.947915e-006
1.610000000000001e-001	1.610000e-001	5.000000e-001	8.472661e-006	1.949539e-006
1.620000000000001e-001	1.620000e-001	5.000000e-001	8.481571e-006	1.951152e-006
1.630000000000001e-001	1.630000e-001	5.000000e-001	8.490430e-006	1.952755e-006
1.640000000000001e-001	1.640000e-001	5.000000e-001	8.499240e-006	1.954348e-006
1.650000000000001e-001	1.650000e-001	5.000000e-001	8.507999e-006	1.955931e-006
1.660000000000001e-001	1.660000e-001	5.000000e-001	8.516709e-006	1.957505e-006
1.670000000000001e-001	1.670000e-001	5.000000e-001	8.525372e-006	1.959069e-006
1.680000000000001e-001	1.680000e-001	5.000000e-001	8.533989e-006	1.960623e-006
1.690000000000001e-001	1.690000e-001	5.000000e-001	8.542558e-006	1.962169e-006
1.700000000000001e-001	1.700000e-001	5.000000e-001	8.551083e-006	1.963706e-006
1.710000000000001e-001	1.710000e-001	5.000000e-001	8.559563e-006	1.965234e-006
1.720000000000001e-001	1.720000e-001	5.000000e-001	8.567999e-006	1.966753e-006
1.730000000000001e-001	1.730000e-001	5.000000e-001	8.576392e-006	1.968265e-006
1.740000000000001e-001	1.740000e-001	5.000000e-001	8.584743e-006	1.969768e-006
1.750000000000001e-001	1.750000e-001	5.000000e-001	8.593052e-006	1.971263e-006
1.760000000000001e-001	1.760000e-001	5.000000e-001	8.601321e-006	1.972750e-006
1.770000000000001e-001	1.770000e-001	5.000000e-001	8.609548e-006	1.974229e-006
1.780000000000001e-001	1.780000e-001	5.000000e-001	8.617736e-006	1.975701e-006
1.790000000000001e-001	1.790000e-001	5.000000e-001	8.625885e-006	1.977166e-006
1.800000000000001e-001	1.800000e-001	5.000000e-001	8.633996e-006	1.978623e-006
1.810000000000001e-001	1.810000e-001	5.000000e-001	8.642069e-006	1.980073e-006
1.820000000000001e-001	1.820000e-001	5.000000e-001	8.650104e-006	1.981516e-006
1.830000000000001e-001	1.830000e-001	5.000000e-001	8.658103e-006	1.982952e-006
1.840000000000001e-001	1.840000e-001	5.000000e-001	8.666066e-006	1.984382e-006
1.850000000000001e-001	1.850000e-001	5.000000e-001	8.673992e-006	1.985805e-006
1.860000000000001e-001	1.860000e-001	5.000000e-001	8.681885e-006	1.987221e-006
1.870000000000001e-001	1.870000e-001	5.000000e-001	8.689742e-006	1.988631e-006
1.880000000000001e-001	1.880000e-001	5.000000e-001	8.697565e-006	1.990034e-006
1.890000000000001e-001	1.890000e-001	5.000000e-001	8.705355e-006	1.991432e-006
1.900000000000001e-001	1.900000e-001	5.000000e-001	8.713111e-006	1.992823e-006
1.910000000000001e-001	1.910000e-001	5.000000e-001	8.720835e-006	1.994208e-006
1.920000000000001e-001	1.920000e-001	5.000000e-001	8.728528e-006	1.995587e-006
1.930000000000001e-001	1.930000e-001	5.000000e-001	8.736189e-006	1.996961e-006
1.940000000000001e-001	1.940000e-001	5.000000e-001	8.743817e-006	1.998329e-006
1.950000000000002e-001	1.950000e-001	5.000000e-001	8.751416e-006	1.999691e-006
1.960000000000002e-001	1.960000e-001	5.000000e-001	8.758984e-006	2.001048e-006
1.970000000000002e-001	1.970000e-001	5.000000e-001	8.766523e-006	2.002399e-006
1.980000000000002e-001	1.980000e-001	5.000000e-001	8.774032e-006	2.003745e-006
1.990000000000002e-001	1.990000e-001	5.000000e-001	8.781511e-006	2.005085e-006
2.000000000000002e-001	2.000000e-001	5.000000e-001	8.788962e-006	2.006420e-006
2.010000000000002e-001	2.010000e-001	5.000000e-001	8.796384e-006	2.007751e-006
2.020000000000002e-001	2.020000e-001	5.000000e-001	8.803780e-006	2.009076e-006
2.030000000000002e-001	2.030000e-001	5.000000e-001	8.811146e-006	2.010396e-006
2.040000000000002e-001	2.040000e-001	5.000000e-001	8.818487e-006	2.011711e-006
2.050000000000002e-001	2.050000e-001	5.000000e-001	8.825799e-006	2.013022e-006
2.060000000000002e-001	2.060000e-001	5.000000e-001	8.833086e-006	2.014327e-006
2.070000000000002e-001	2.070000e-001	5.000000e-001	8.840347e-006	2.015628e-006
2.080000000000002e-001	2.080000e-001	5.000000e-001	8.847582e-006	2.016925e-006
2.090000000000002e-001	2.090000e-001	5.000000e-001	8.854790e-006	2.018216e-006
2.100000000000002e-001	2.100000e-001	5.000000e-001	8.861974e-006	2.019503e-006
2.110000000000002e-001	2.110000e-001	5.000000e-001	8.869134e-006	2.020786e-006
2.120000000000002e-001	2.120000e-001	5.000000e-001	8.876269e-006	2.022065e-006
2.130000000000002e-001	2.130000e-001	5.000000e-001	8.883379e-006	2.023339e-006
2.140000000000002e-001	2.140000e-001	5.000000e-001	8.890466e-006	2.024608e-006
2.150000000000002e-001	2.150000e-001	5.000000e-001	8.897528e-006	2.025874e-006
2.160000000000002e-001	2.160000e-001	5.000000e-001	8.904568e-006	2.027135e-006
2.170000000000002e-001	2.170000e-001	5.000000e-001	8.911585e-006	2.028393e-006
2.180000000000002e-001	2.180000e-001	5.000000e-001	8.918579e-006	2.029646e-006
2.190000000000002e-001	2.190000e-001	5.000000e-001	8.925550e-006	2.030895e-006
2.200000000000002e-001	2.200000e-001	5.000000e-001	8.932499e-006	2.032140e-006
2.210000000000002e-001	2.210000e-001	5.000000e-001	8.939426e-006	2.033382e-006
2.220000000000002e-001	2.220000e-001	5.000000e-001	8.946332e-006	2.034619e-006
2.230000000000002e-001	2.230000e-001	5.000000e-001	8.953216e-006	2.035853e-006
2.240000000000002e-001	2.240000e-001	5.000000e-001	8.960079e-006	2.037083e-006
2.250000000000002e-001	2.250000e-001	5.000000e-001	8.966920e-006	2.038309e-006
2.260000000000002e-001	2.260000e-001	5.000000e-001	8.973741e-006	2.039532e-006
2.270000000000002e-001	2.270000e-001	5.000000e-001	8.980543e-006	2.040750e-006
2.280000000000002e-001	2.280000e-001	5.000000e-001	8.987323e-006	2.041966e-006
2.290000000000002e-001	2.290000e-001	5.000000e-001	8.994083e-006	2.043177e-006
2.300000000000002e-001	2.300000e-001	5.000000e-001	9.000824e-006	2.044386e-006
2.310000000000002e-001	2.310000e-001	5.000000e-001	9.007545e-006	2.045590e-006
2.320000000000002e-001	2.320000e-001	5.000000e-001	9.014248e-006	2.046792e-006
2.330000000000002e-001	2.330000e-001	5.000000e-001	9.020931e-006	2.047990e-006
2.340000000000002e-001	2.340000e-001	5.000000e-001	9.027594e-006	2.049184e-006
2.350000000000002e-001	2.350000e-001	5.000000e-001	9.034240e-006	2.050375e-006
2.360000000000002e-001	2.360000e-001	5.000000e-001	9.040867e-006	2.051563e-006
2.370000000000002e-001	2.370000e-001	5.000000e-001	9.047475e-006	2.052748e-006
2.380000000000002e-001	2.380000e-001	5.000000e-001	9.054066e-006	2.053930e-006
2.390000000000002e-001	2.390000e-001	5.000000e-001	9.060638e-006	2.055108e-006
2.400000000000002e-001	2.400000e-001	5.000000e-001	9.067194e-006	2.056283e-006
2.410000000000002e-001	2.410000e-001	5.000000e-001	9.073731e-006	2.057455e-006
2.420000000000002e-001	2.420000e-001	5.000000e-001	9.080251e-006	2.058624e-006
2.430000000000002e-001	2.430000e-001	5.000000e-001	9.086754e-006	2.059790e-006
2.440000000000002e-001	2.440000e-001	5.000000e-001	9.093241e-006	2.060953e-006
2.450000000000002e-001	2.450000e-001	5.000000e-001	9.099710e-006	2.062113e-006
2.460000000000002e-001	2.460000e-001	5.000000e-001	9.106163e-006	2.063270e-006
2.470000000000002e-001	2.470000e-001	5.000000e-001	9.112599e-006	2.064424e-006
2.480000000000002e-001	2.480000e-001	5.000000e-001	9.119020e-006	2.065575e-006
2.490000000000002e-001	2.490000e-001	5.000000e-001	9.125424e-006	2.066723e-006
2.500000000000002e-001	2.500000e-001	5.000000e-001	9.131812e-006	2.067869e-006
2.510000000000002e-001	2.510000e-001	5.000000e-001	9.138185e-006	2.069012e-006
2.520000000000002e-001	2.520000e-001	5.000000e-001	9.144543e-006	2.070152e-006
2.530000000000002e-001	2.530000e-001	5.000000e-001	9.150884e-006	2.071289e-006
2.540000000000002e-001	2.540000e-001	5.000000e-001	9.157211e-006	2.072423e-006
2.550000000000002e-001	2.550000e-001	5.000000e-001	9.163522e-006	2.073555e-006
2.560000000000002e-001	2.560000e-001	5.000000e-001	9.169818e-006	2.074684e-006
2.570000000000002e-001	2.570000e-001	5.000000e-001	9.176100e-006	2.075810e-006
2.580000000000002e-001	2.580000e-001	5.000000e-001	9.182368e-006	2.076934e-006
2.590000000000002e-001	2.590000e-001	5.000000e-001	9.188620e-006	2.078055e-006
2.600000000000002e-001	2.600000e-001	5.000000e-001	9.194859e-006	2.079174e-006
2.610000000000002e-001	2.610000e-001	5.000000e-001	9.201082e-006	2.080290e-006
2.620000000000002e-001	2.620000e-001	5.000000e-001	9.207292e-006	2.081404e-006
2.630000000000002e-001	2.630000e-001	5.000000e-001	9.213489e-006	2.082515e-006
2.640000000000002e-001	2.640000e-001	5.000000e-001	9.219671e-006	2.083623e-006
2.650000000000002e-001	2.650000e-001	5.000000e-001	9.225840e-006	2.084729e-006
2.660000000000002e-001	2.660000e-001	5.000000e-001	9.231994e-006	2.085833e-006
2.670000000000002e-001	2.670000e-001	5.000000e-001	9.238136e-006	2.086934e-006
2.680000000000002e-001	2.680000e-001	5.000000e-001	9.244265e-006	2.088033e-006
2.690000000000002e-001	2.690000e-001	5.000000e-001	9.250381e-006	2.089130e-006
2.700000000000002e-001	2.700000e-001	5.000000e-001	9.256483e-006	2.090224e-006
2.710000000000002e-001	2.710000e-001	5.000000e-001	9.262572e-006	2.091316e-006
2.720000000000002e-001	2.720000e-001	5.000000e-001	9.268650e-006	2.092405e-006
2.730000000000002e-001	2.730000e-001	5.000000e-001	9.274713e-006	2.093492e-006
2.740000000000002e-001	2.740000e-001	5.000000e-001	9.280765e-006	2.094577e-006
2.750000000000002e-001	2.750000e-001	5.000000e-001	9.286804e-006	2.095660e-006
2.760000000000002e-001	2.760000e-001	5.000000e-001	9.292831e-006	2.096740e-006
2.770000000000002e-001	2.770000e-001	5.000000e-001	9.298847e-006	2.097818e-006
2.780000000000002e-001	2.780000e-001	5.000000e-001	9.304849e-006	2.098895e-006
2.790000000000002e-001	2.790000e-001	5.000000e-001	9.310840e-006	2.099968e-006
2.800000000000002e-001	2.800000e-001	5.000000e-001	9.316819e-006	2.101040e-006
2.810000000000002e-001	2.810000e-001	5.000000e-001	9.322786e-006	2.102110e-006
2.820000000000002e-001	2.820000e-001	5.000000e-001	9.328743e-006	2.103177e-006
2.830000000000002e-001	2.830000e-001	5.000000e-001	9.334686e-006	2.104243e-006
2.840000000000002e-001	2.840000e-001	5.000000e-001	9.340620e-006	2.105306e-006
2.850000000000002e-001	2.850000e-001	5.000000e-001	9.346541e-006	2.106367e-006
2.860000000000002e-001	2.860000e-001	5.000000e-001	9.352451e-006	2.107426e-006
2.870000000000002e-001	2.870000e-001	5.000000e-001	9.358350e-006	2.108483e-006
2.880000000000002e-001	2.880000e-001	5.000000e-001	9.364239e-006	2.109539e-006
2.890000000000002e-001	2.890000e-001	5.000000e-001	9.370116e-006	2.110592e-006
2.900000000000002e-001	2.900000e-001	5.000000e-001	9.375984e-006	2.111643e-006
2.910000000000002e-001	2.910000e-001	5.000000e-001	9.381839e-006	2.112692e-006
2.920000000000002e-001	2.920000e-001	5.000000e-001	9.387684e-006	2.113739e-006
2.930000000000002e-001	2.930000e-001	5.000000e-001	9.393520e-006	2.114785e-006
2.940000000000002e-001	2.940000e-001	5.000000e-001	9.399344e-006	2.115828e-006
2.950000000000002e-001	2.950000e-001	5.000000e-001	9.405158e-006	2.116869e-006
2.960000000000002e-001	2.960000e-001	5.000000e-001	9.410962e-006	2.117909e-006
2.970000000000002e-001	2.970000e-001	5.000000e-001	9.416755e-006	2.118947e-006
2.980000000000002e-001	2.980000e-001	5.000000e-001	9.422540e-006	2.119982e-006
2.990000000000002e-001	2.990000e-001	5.000000e-001	9.428313e-006	2.121016e-006
3.000000000000002e-001	3.000000e-001	5.000000e-001	9.434077e-006	2.122048e-006
3.010000000000002e-001	3.010000e-001	5.000000e-001	9.439831e-006	2.123079e-006
3.020000000000002e-001	3.020000e-001	5.000000e-001	9.445575e-006	2.124107e-006
3.030000000000002e-001	3.030000e-001	5.000000e-001	9.451311e-006	2.125134e-006
3.040000000000002e-001	3.040000e-001	5.000000e-001	9.457035e-006	2.126159e-006
3.050000000000002e-001	3.050000e-001	5.000000e-001	9.462751e-006	2.127182e-006
3.060000000000002e-001	3.060000e-001	5.000000e-001	9.468457e-006	2.128204e-006
3.070000000000002e-001	3.070000e-001	5.000000e-001	9.474154e-006	2.129223e-006
3.080000000000002e-001	3.080000e-001	5.000000e-001	9.479842e-006	2.130241e-006
3.090000000000002e-001	3.090000e-001	5.000000e-001	9.485521e-006	2.131257e-006
3.100000000000002e-001	3.100000e-001	5.000000e-001	9.491191e-006	2.132272e-006
3.110000000000002e-001	3.110000e-001	5.000000e-001	9.496852e-006	2.133285e-006
3.120000000000002e-001	3.120000e-001	5.000000e-001	9.502503e-006	2.134296e-006
3.130000000000002e-001	3.130000e-001	5.000000e-001	9.508147e-006	2.135306e-006
3.140000000000002e-001	3.140000e-001	5.000000e-001	9.513781e-006	2.136313e-006
3.150000000000002e-001	3.150000e-001	5.000000e-001	9.519406e-006	2.137319e-006
3.160000000000002e-001	3.160000e-001	5.000000e-001	9.525023e-006	2.138324e-006
3.170000000000002e-001	3.170000e-001	5.000000e-001	9.530631e-006	2.139327e-006
3.180000000000002e-001	3.180000e-001	5.000000e-001	9.536231e-006	2.140328e-006
3.190000000000002e-001	3.190000e-001	5.000000e-001	9.541823e-006	2.141328e-006
3.200000000000002e-001	3.200000e-001	5.000000e-001	9.547406e-006	2.142326e-006
3.210000000000002e-001	3.210000e-001	5.000000e-001	9.552980e-006	2.143323e-006
3.220000000000002e-001	3.220000e-001	5.000000e-001	9.558547e-006	2.144318e-006
3.230000000000002e-001	3.230000e-001	5.000000e-001	9.564106e-006	2.145312e-006
3.240000000000002e-001	3.240000e-001	5.000000e-001	9.569656e-006	2.146303e-006
3.250000000000002e-001	3.250000e-001	5.000000e-001	9.575198e-006	2.147294e-006
3.260000000000002e-001	3.260000e-001	5.000000e-001	9.580734e-006	2.148283e-006
3.270000000000002e-001	3.270000e-001	5.000000e-001	9.586260e-006	2.149270e-006
3.280000000000002e-001	3.280000e-001	5.000000e-001	9.591779e-006	2.150256e-006
3.290000000000002e-001	3.290000e-001	5.000000e-001	9.597290e-006	2.151241e-006
3.300000000000002e-001	3.300000e-001	5.000000e-001	9.602793e-006	2.152223e-006
3.310000000000002e-001	3.310000e-001	5.000000e-001	9.608289e-006	2.153205e-006
3.320000000000002e-001	3.320000e-001	5.000000e-001	9.613776e-006	2.154185e-006
3.330000000000002e-001	3.330000e-001	5.000000e-001	9.619258e-006	2.155164e-006
3.340000000000002e-001	3.340000e-001	5.000000e-001	9.624730e-006	2.156141e-006
3.350000000000002e-001	3.350000e-001	5.000000e-001	9.630196e-006	2.157117e-006
3.360000000000002e-001	3.360000e-001	5.000000e-001	9.635655e-006	2.158091e-006
3.370000000000002e-001	3.370000e-001	5.000000e-001	9.641106e-006	2.159064e-006
3.380000000000002e-001	3.380000e-001	5.000000e-001	9.646550e-006	2.160035e-006
3.390000000000003e-001	3.390000e-001	5.000000e-001	9.651987e-006	2.161006e-006
3.400000000000003e-001	3.400000e-001	5.000000e-001	9.657417e-006	2.161974e-006
3.410000000000003e-001	3.410000e-001	5.000000e-001	9.662839e-006	2.162942e-006
3.420000000000003e-001	3.420000e-001	5.000000e-001	9.668255e-006	2.163908e-006
3.430000000000003e-001	3.430000e-001	5.000000e-001	9.673664e-006	2.164872e-006
3.440000000000003e-001	3.440000e-001	5.000000e-001	9.679065e-006	2.165836e-006
3.450000000000003e-001	3.450000e-001	5.000000e-001	9.684461e-006	2.166798e-006
3.460000000000003e-001	3.460000e-001	5.000000e-001	9.689849e-006	2.167758e-006
3.470000000000003e-001	3.470000e-001	5.000000e-001	9.695231e-006	2.168718e-006
3.480000000000003e-001	3.480000e-001	5.000000e-001	9.700605e-006	2.169676e-006
3.490000000000003e-001	3.490000e-001	5.000000e-001	9.705974e-006	2.170633e-006
3.500000000000003e-001	3.500000e-001	5.000000e-001	9.711335e-006	2.171588e-006
3.510000000000003e-001	3.510000e-001	5.000000e-001	9.716690e-006	2.172542e-006
3.520000000000003e-001	3.520000e-001	5.000000e-001	9.722039e-006	2.173495e-006
3.530000000000003e-001	3.530000e-001	5.000000e-001	9.727381e-006	2.174447e-006
3.540000000000003e-001	3.540000e-001	5.000000e-001	9.732717e-006	2.175397e-006
3.550000000000003e-001	3.550000e-001	5.000000e-001	9.738046e-006	2.176346e-006
3.560000000000003e-001	3.560000e-001	5.000000e-001	9.743369e-006	2.177294e-006
3.570000000000003e-001	3.570000e-001	5.000000e-001	9.748686e-006	2.178241e-006
3.580000000000003e-001	3.580000e-001	5.000000e-001	9.753997e-006	2.179186e-006
3.590000000000003e-001	3.590000e-001	5.000000e-001	9.759302e-006	2.180130e-006
3.600000000000003e-001	3.600000e-001	5.000000e-001	9.764601e-006	2.181073e-006
3.610000000000003e-001	3.610000e-001	5.000000e-001	9.769893e-006	2.182015e-006
3.620000000000003e-001	3.620000e-001	5.000000e-001	9.775179e-006	2.182956e-006
3.630000000000003e-001	3.630000e-001	5.000000e-001	9.780460e-006	2.183895e-006
3.640000000000003e-001	3.640000e-001	5.000000e-001	9.785735e-006	2.184833e-006
3.650000000000003e-001	3.650000e-001	5.000000e-001	9.791002e-006	2.185771e-006
3.660000000000003e-001	3.660000e-001	5.000000e-001	9.796266e-006	2.186707e-006
3.670000000000003e-001	3.670000e-001	5.000000e-001	9.801523e-006	2.187641e-006
3.680000000000003e-001	3.680000e-001	5.000000e-001	9.806774e-006	2.188575e-006
3.690000000000003e-001	3.690000e-001	5.000000e-001	9.812019e-006	2.189507e-006
3.700000000000003e-001	3.700000e-001	5.000000e-001	9.817260e-006	2.190439e-006
3.710000000000003e-001	3.710000e-001	5.000000e-001	9.822494e-006	2.191369e-006
3.720000000000003e-001	3.720000e-001	5.000000e-001	9.827722e-006	2.192298e-006
3.730000000000003e-001	3.730000e-001	5.000000e-001	9.832946e-006	2.193226e-006
3.740000000000003e-001	3.740000e-001	5.000000e-001	9.838163e-006	2.194153e-006
3.750000000000003e-001	3.750000e-001	5.000000e-001	9.843375e-006	2.195078e-006
3.760000000000003e-001	3.760000e-001	5.000000e-001	9.848582e-006	2.196003e-006
3.770000000000003e-001	3.770000e-001	5.000000e-001	9.853783e-006	2.196927e-006
3.780000000000003e-001	3.780000e-001	5.000000e-001	9.858979e-006	2.197849e-006
3.790000000000003e-001	3.790000e-001	5.000000e-001	9.864169e-006	2.198771e-006
3.800000000000003e-001	3.800000e-001	5.000000e-001	9.869355e-006	2.199691e-006
3.810000000000003e-001	3.810000e-001	5.000000e-001	9.874535e-006	2.200610e-006
3.820000000000003e-001	3.820000e-001	5.000000e-001	9.879710e-006	2.201528e-006
3.830000000000003e-001	3.830000e-001	5.000000e-001	9.884880e-006	2.202445e-006
3.840000000000003e-001	3.840000e-001	5.000000e-001	9.890045e-006	2.203361e-006
3.850000000000003e-001	3.850000e-001	5.000000e-001	9.895204e-006	2.204277e-006
3.860000000000003e-001	3.860000e-001	5.000000e-001	9.900359e-006	2.205191e-006
3.870000000000003e-001	3.870000e-001	5.000000e-001	9.905508e-006	2.206104e-006
3.880000000000003e-001	3.880000e-001	5.000000e-001	9.910653e-006	2.207016e-006
3.890000000000003e-001	3.890000e-001	5.000000e-001	9.915792e-006	2.207927e-006
3.900000000000003e-001	3.900000e-001	5.000000e-001	9.920926e-006	2.208837e-006
3.910000000000003e-001	3.910000e-001	5.000000e-001	9.926057e-006	2.209746e-006
3.920000000000003e-001	3.920000e-001	5.000000e-001	9.931181e-006	2.210654e-006
3.930000000000003e-001	3.930000e-001	5.000000e-001	9.936301e-006	2.211561e-006
3.940000000000003e-001	3.940000e-001	5.000000e-001	9.941416e-006	2.212467e-006
3.950000000000003e-001	3.950000e-001	5.000000e-001	9.946527e-006	2.213372e-006
3.960000000000003e-001	3.960000e-001	5.000000e-001	9.951633e-006	2.214276e-006
3.970000000000003e-001	3.970000e-001	5.000000e-001	9.956734e-006	2.215179e-006
3.980000000000003e-001	3.980000e-001	5.000000e-001	9.961831e-006	2.216081e-006
3.990000000000003e-001	3.990000e-001	5.000000e-001	9.966922e-006	2.216982e-006
4.000000000000003e-001	4.000000e-001	5.000000e-001	9.972010e-006	2.217882e-006
4.010000000000003e-001	4.010000e-001	5.000000e-001	9.977092e-006	2.218781e-006
4.020000000000003e-001	4.020000e-001	5.000000e-001	9.982171e-006	2.219680e-006
4.030000000000003e-001	4.030000e-001	5.000000e-001	9.987244e-006	2.220577e-006
4.040000000000003e-001	4.040000e-001	5.000000e-001	9.992314e-006	2.221474e-006
4.050000000000003e-001	4.050000e-001	5.000000e-001	9.997379e-006	2.222369e-006
4.060000000000003e-001	4.060000e-001	5.000000e-001	1.000244e-005	2.223264e-006
4.070000000000003e-001	4.070000e-001	5.000000e-001	1.000749e-005	2.224158e-006
4.080000000000003e-001	4.080000e-001	5.000000e-001	1.001255e-005	2.225050e-006
4.090000000000003e-001	4.090000e-001	5.000000e-001	1.001759e-005	2.225942e-006
4.100000000000003e-001	4.100000e-001	5.000000e-001	1.002264e-005	2.226833e-006
4.110000000000003e-001	4.110000e-001	5.000000e-001	1.002768e-005	2.227723e-006
4.120000000000003e-001	4.120000e-001	5.000000e-001	1.003271e-005	2.228613e-006
4.130000000000003e-001	4.130000e-001	5.000000e-001	1.003774e-005	2.229501e-006
4.140000000000003e-001	4.140000e-001	5.000000e-001	1.004277e-005	2.230388e-006
4.150000000000003e-001	4.150000e-001	5.000000e-001	1.004779e-005	2.231275e-006
4.160000000000003e-001	4.160000e-001	5.000000e-001	1.005281e-005	2.232161e-006
4.170000000000003e-001	4.170000e-001	5.000000e-001	1.005782e-005	2.233046e-006
4.180000000000003e-001	4.180000e-001	5.000000e-001	1.006283e-005	2.233930e-006
4.190000000000003e-001	4.190000e-001	5.000000e-001	1.006784e-005	2.234813e-006
4.200000000000003e-001	4.200000e-001	5.000000e-001	1.007284e-005	2.235695e-006
4.210000000000003e-001	4.210000e-001	5.000000e-001	1.007784e-005	2.236577e-006
4.220000000000003e-001	4.220000e-001	5.000000e-001	1.008283e-005	2.237457e-006
4.230000000000003e-001	4.230000e-001	5.000000e-001	1.008782e-005	2.238337e-006
4.240000000000003e-001	4.240000e-001	5.000000e-001	1.009280e-005	2.239216e-006
4.250000000000003e-001	4.250000e-001	5.000000e-001	1.009779e-005	2.240094e-006
4.260000000000003e-001	4.260000e-001	5.000000e-001	1.010276e-005	2.240972e-006
4.270000000000003e-001	4.270000e-001	5.000000e-001	1.010774e-005	2.241848e-006
4.280000000000003e-001	4.280000e-001	5.000000e-001	1.011271e-005	2.242724e-006
4.290000000000003e-001	4.290000e-001	5.000000e-001	1.011768e-005	2.243598e-006
4.300000000000003e-001	4.300000e-001	5.000000e-001	1.012264e-005	2.244473e-006
4.310000000000003e-001	4.310000e-001	5.000000e-001	1.012760e-005	2.245346e-006
4.320000000000003e-001	4.320000e-001	5.000000e-001	1.013255e-005	2.246218e-006
4.330000000000003e-001	4.330000e-001	5.000000e-001	1.013751e-005	2.247090e-006
4.340000000000003e-001	4.340000e-001	5.000000e-001	1.014245e-005	2.247961e-006
4.350000000000003e-001	4.350000e-001	5.000000e-001	1.014740e-005	2.248831e-006
4.360000000000003e-001	4.360000e-001	5.000000e-001	1.015234e-005	2.249700e-006
4.370000000000003e-001	4.370000e-001	5.000000e-001	1.015728e-005	2.250569e-006
4.380000000000003e-001	4.380000e-001	5.000000e-001	1.016221e-005	2.251437e-006
4.390000000000003e-001	4.390000e-001	5.000000e-001	1.016714e-005	2.252304e-006
4.400000000000003e-001	4.400000e-001	5.000000e-001	1.017207e-005	2.253170e-006
4.410000000000003e-001	4.410000e-001	5.000000e-001	1.017699e-005	2.254036e-006
4.420000000000003e-001	4.420000e-001	5.000000e-001	1.018191e-005	2.254900e-006
4.430000000000003e-001	4.430000e-001	5.000000e-001	1.018683e-005	2.255764e-006
4.440000000000003e-001	4.440000e-001	5.000000e-001	1.019174e-005	2.256628e-006
4.450000000000003e-001	4.450000e-001	5.000000e-001	1.019665e-005	2.257490e-006
4.460000000000003e-001	4.460000e-001	5.000000e-001	1.020155e-005	2.258352e-006
4.470000000000003e-001	4.470000e-001	5.000000e-001	1.020646e-005	2.259213e-006
4.480000000000003e-001	4.480000e-001	5.000000e-001	1.021136e-005	2.260073e-006
4.490000000000003e-001	4.490000e-001	5.000000e-001	1.021625e-005	2.260933e-006
4.500000000000003e-001	4.500000e-001	5.000000e-001	1.022115e-005	2.261792e-006
4.510000000000004e-001	4.510000e-001	5.000000e-001	1.022603e-005	2.262650e-006
4.520000000000004e-001	4.520000e-001	5.000000e-001	1.023092e-005	2.263507e-006
4.530000000000004e-001	4.530000e-001	5.000000e-001	1.023580e-005	2.264364e-006
4.540000000000004e-001	4.540000e-001	5.000000e-001	1.024068e-005	2.265220e-006
4.550000000000004e-001	4.550000e-001	5.000000e-001	1.024556e-005	2.266076e-006
4.560000000000004e-001	4.560000e-001	5.000000e-001	1.025043e-005	2.266930e-006
4.570000000000004e-001	4.570000e-001	5.000000e-001	1.025530e-005	2.267784e-006
4.580000000000004e-001	4.580000e-001	5.000000e-001	1.026017e-005	2.268637e-006
4.590000000000004e-001	4.590000e-001	5.000000e-001	1.026503e-005	2.269490e-006
4.600000000000004e-001	4.600000e-001	5.000000e-001	1.026989e-005	2.270342e-006
4.610000000000004e-001	4.610000e-001	5.000000e-001	1.027475e-005	2.271193e-006
4.620000000000004e-001	4.620000e-001	5.000000e-001	1.027961e-005	2.272044e-006
4.630000000000004e-001	4.630000e-001	5.000000e-001	1.028446e-005	2.272893e-006
4.640000000000004e-001	4.640000e-001	5.000000e-001	1.028931e-005	2.273742e-006
4.650000000000004e-001	4.650000e-001	5.000000e-001	1.029415e-005	2.274591e-006
4.660000000000004e-001	4.660000e-001	5.000000e-001	1.029899e-005	2.275439e-006
4.670000000000004e-001	4.670000e-001	5.000000e-001	1.030383e-005	2.276286e-006
4.680000000000004e-001	4.680000e-001	5.000000e-001	1.030867e-005	2.277133e-006
4.690000000000004e-001	4.690000e-001	5.000000e-001	1.031350e-005	2.277978e-006
4.700000000000004e-001	4.700000e-001	5.000000e-001	1.031833e-005	2.278824e-006
4.710000000000004e-001	4.710000e-001	5.000000e-001	1.032316e-005	2.279668e-006
4.720000000000004e-001	4.720000e-001	5.000000e-001	1.032799e-005	2.280512e-006
4.730000000000004e-001	4.730000e-001	5.000000e-001	1.033281e-005	2.281355e-006
4.740000000000004e-001	4.740000e-001	5.000000e-001	1.033763e-005	2.282198e-006
4.750000000000004e-001	4.750000e-001	5.000000e-001	1.034244e-005	2.283040e-006
4.760000000000004e-001	4.760000e-001	5.000000e-001	1.034726e-005	2.283881e-006
4.770000000000004e-001	4.770000e-001	5.000000e-001	1.035207e-005	2.284722e-006
4.780000000000004e-001	4.780000e-001	5.000000e-001	1.035688e-005	2.285562e-006
4.790000000000004e-001	4.790000e-001	5.000000e-001	1.036168e-005	2.286402e-006
4.800000000000004e-001	4.800000e-001	5.000000e-001	1.036648e-005	2.287241e-006
4.810000000000004e-001	4.810000e-001	5.000000e-001	1.037128e-005	2.288079e-006
4.820000000000004e-001	4.820000e-001	5.000000e-001	1.037608e-005	2.288917e-006
4.830000000000004e-001	4.830000e-001	5.000000e-001	1.038087e-005	2.289754e-006
4.840000000000004e-001	4.840000e-001	5.000000e-001	1.038566e-005	2.290590e-006
4.850000000000004e-001	4.850000e-001	5.000000e-001	1.039045e-005	2.291426e-006
4.860000000000004e-001	4.860000e-001	5.000000e-001	1.039524e-005	2.292261e-006
4.870000000000004e-001	4.870000e-001	5.000000e-001	1.040002e-005	2.293096e-006
4.880000000000004e-001	4.880000e-001	5.000000e-001	1.040480e-005	2.293930e-006
4.890000000000004e-001	4.890000e-001	5.000000e-001	1.040958e-005	2.294764e-006
4.900000000000004e-001	4.900000e-001	5.000000e-001	1.041436e-005	2.295596e-006
4.910000000000004e-001	4.910000e-001	5.000000e-001	1.041913e-005	2.296429e-006
4.920000000000004e-001	4.920000e-001	5.000000e-001	1.042390e-005	2.297261e-006
4.930000000000004e-001	4.930000e-001	5.000000e-001	1.042867e-005	2.298092e-006
4.940000000000004e-001	4.940000e-001	5.000000e-001	1.043343e-005	2.298922e-006
4.950000000000004e-001	4.950000e-001	5.000000e-001	1.043820e-005	2.299752e-006
4.960000000000004e-001	4.960000e-001	5.000000e-001	1.044296e-005	2.300582e-006
4.970000000000004e-001	4.970000e-001	5.000000e-001	1.044772e-005	2.301411e-006
4.980000000000004e-001	4.980000e-001	5.000000e-001	1.045247e-005	2.302239e-006
4.990000000000004e-001	4.990000e-001	5.000000e-001	1.045722e-005	2.303067e-006
5.000000000000003e-001	5.000000e-001	5.000000e-001	1.046197e-005	2.303894e-006
5.010000000000003e-001	5.010000e-001	5.000000e-001	1.046672e-005	2.304720e-006
5.020000000000003e-001	5.020000e-001	5.000000e-001	1.047147e-005	2.305546e-006
5.030000000000003e-001	5.030000e-001	5.000000e-001	1.047621e-005	2.306372e-006
5.040000000000003e-001	5.040000e-001	5.000000e-001	1.048095e-005	2.307197e-006
5.050000000000003e-001	5.050000e-001	5.000000e-001	1.048569e-005	2.308021e-006
5.060000000000003e-001	5.060000e-001	5.000000e-001	1.049043e-005	2.308845e-006
5.070000000000003e-001	5.070000e-001	5.000000e-001	1.049516e-005	2.309669e-006
5.080000000000003e-001	5.080000e-001	5.000000e-001	1.049989e-005	2.310491e-006
5.090000000000003e-001	5.090000e-001	5.000000e-001	1.050462e-005	2.311314e-006
5.100000000000003e-001	5.100000e-001	5.000000e-001	1.050935e-005	2.312135e-006
5.110000000000003e-001	5.110000e-001	5.000000e-001	1.051407e-005	2.312956e-006
5.120000000000003e-001	5.120000e-001	5.000000e-001	1.051880e-005	2.313777e-006
5.130000000000003e-001	5.130000e-001	5.000000e-001	1.052352e-005	2.314597e-006
5.140000000000004e-001	5.140000e-001	5.000000e-001	1.052823e-005	2.315417e-006
5.150000000000004e-001	5.150000e-001	5.000000e-001	1.053295e-005	2.316236e-006
5.160000000000004e-001	5.160000e-001	5.000000e-001	1.053766e-005	2.317055e-006
5.170000000000004e-001	5.170000e-001	5.000000e-001	1.054237e-005	2.317873e-006
5.180000000000004e-001	5.180000e-001	5.000000e-001	1.054708e-005	2.318690e-006
5.190000000000004e-001	5.190000e-001	5.000000e-001	1.055179e-005	2.319507e-006
5.200000000000004e-001	5.200000e-001	5.000000e-001	1.055649e-005	2.320324e-006
5.210000000000004e-001	5.210000e-001	5.000000e-001	1.056120e-005	2.321140e-006
5.220000000000004e-001	5.220000e-001	5.000000e-001	1.056590e-005	2.321955e-006
5.230000000000004e-001	5.230000e-001	5.000000e-001	1.057059e-005	2.322771e-006
5.240000000000004e-001	5.240000e-001	5.000000e-001	1.057529e-005	2.323585e-006
5.250000000000004e-001	5.250000e-001	5.000000e-001	1.057998e-005	2.324399e-006
5.260000000000004e-001	5.260000e-001	5.000000e-001	1.058468e-005	2.325213e-006
5.270000000000004e-001	5.270000e-001	5.000000e-001	1.058937e-005	2.326026e-006
5.280000000000004e-001	5.280000e-001	5.000000e-001	1.059405e-005	2.326838e-006
5.290000000000004e-001	5.290000e-001	5.000000e-001	1.059874e-005	2.327650e-006
5.300000000000004e-001	5.300000e-001	5.000000e-001	1.060342e-005	2.328462e-006
5.310000000000004e-001	5.310000e-001	5.000000e-001	1.060810e-005	2.329273e-006
5.320000000000004e-001	5.320000e-001	5.000000e-001	1.061278e-005	2.330084e-006
5.330000000000004e-001	5.330000e-001	5.000000e-001	1.061746e-005	2.330894e-006
5.340000000000004e-001	5.340000e-001	5.000000e-001	1.062214e-005	2.331704e-006
5.350000000000004e-001	5.350000e-001	5.000000e-001	1.062681e-005	2.332513e-006
5.360000000000004e-001	5.360000e-001	5.000000e-001	1.063148e-005	2.333322e-006
5.370000000000004e-001	5.370000e-001	5.000000e-001	1.063615e-005	2.334130e-006
5.380000000000004e-001	5.380000e-001	5.000000e-001	1.064082e-005	2.334938e-006
5.390000000000004e-001	5.390000e-001	5.000000e-001	1.064548e-005	2.335745e-006
5.400000000000004e-001	5.400000e-001	5.000000e-001	1.065015e-005	2.336552e-006
5.410000000000004e-001	5.410000e-001	5.000000e-001	1.065481e-005	2.337358e-006
5.420000000000004e-001	5.420000e-001	5.000000e-001	1.065947e-005	2.338164e-006
5.430000000000004e-001	5.430000e-001	5.000000e-001	1.066412e-005	2.338970e-006
5.440000000000004e-001	5.440000e-001	5.000000e-001	1.066878e-005	2.339775e-006
5.450000000000004e-001	5.450000e-001	5.000000e-001	1.067343e-005	2.340580e-006
5.460000000000004e-001	5.460000e-001	5.000000e-001	1.067809e-005	2.341384e-006
5.470000000000004e-001	5.470000e-001	5.000000e-001	1.068274e-005	2.342188e-006
5.480000000000004e-001	5.480000e-001	5.000000e-001	1.068738e-005	2.342991e-006
5.490000000000004e-001	5.490000e-001	5.000000e-001	1.069203e-005	2.343794e-006
5.500000000000004e-001	5.500000e-001	5.000000e-001	1.069668e-005	2.344596e-006
5.510000000000004e-001	5.510000e-001	5.000000e-001	1.070132e-005	2.345398e-006
5.520000000000004e-001	5.520000e-001	5.000000e-001	1.070596e-005	2.346200e-006
5.530000000000004e-001	5.530000e-001	5.000000e-001	1.071060e-005	2.347001e-006
5.540000000000004e-001	5.540000e-001	5.000000e-001	1.071524e-005	2.347801e-006
5.550000000000004e-001	5.550000e-001	5.000000e-001	1.071987e-005	2.348602e-006
5.560000000000004e-001	5.560000e-001	5.000000e-001	1.072451e-005	2.349401e-006
5.570000000000004e-001	5.570000e-001	5.000000e-001	1.072914e-005	2.350201e-006
5.580000000000004e-001	5.580000e-001	5.000000e-001	1.073377e-005	2.351000e-006
5.590000000000004e-001	5.590000e-001	5.000000e-001	1.073840e-005	2.351798e-006
5.600000000000004e-001	5.600000e-001	5.000000e-001	1.074302e-005	2.352596e-006
5.610000000000004e-001	5.610000e-001	5.000000e-001	1.074765e-005	2.353394e-006
5.620000000000004e-001	5.620000e-001	5.000000e-001	1.075227e-005	2.354191e-006
5.630000000000004e-001	5.630000e-001	5.000000e-001	1.075689e-005	2.354988e-006
5.640000000000004e-001	5.640000e-001	5.000000e-001	1.076151e-005	2.355785e-006
5.650000000000004e-001	5.650000e-001	5.000000e-001	1.076613e-005	2.356581e-006
5.660000000000004e-001	5.660000e-001	5.000000e-001	1.077075e-005	2.357376e-006
5.670000000000004e-001	5.670000e-001	5.000000e-001	1.077536e-005	2.358172e-006
5.680000000000004e-001	5.680000e-001	5.000000e-001	1.077998e-005	2.358966e-006
5.690000000000004e-001	5.690000e-001	5.000000e-001	1.078459e-005	2.359761e-006
5.700000000000004e-001	5.700000e-001	5.000000e-001	1.078920e-005	2.360555e-006
5.710000000000004e-001	5.710000e-001	5.000000e-001	1.079380e-005	2.361349e-006
5.720000000000004e-001	5.720000e-001	5.000000e-001	1.079841e-005	2.362142e-006
5.730000000000004e-001	5.730000e-001	5.000000e-001	1.080302e-005	2.362935e-006
5.740000000000004e-001	5.740000e-001	5.000000e-001	1.080762e-005	2.363727e-006
5.750000000000004e-001	5.750000e-001	5.000000e-001	1.081222e-005	2.364519e-006
5.760000000000004e-001	5.760000e-001	5.000000e-001	1.081682e-005	2.365311e-006
5.770000000000004e-001	5.770000e-001	5.000000e-001	1.082142e-005	2.366102e-006
5.780000000000004e-001	5.780000e-001	5.000000e-001	1.082602e-005	2.366893e-006
5.790000000000004e-001	5.790000e-001	5.000000e-001	1.083061e-005	2.367683e-006
5.800000000000004e-001	5.800000e-001	5.000000e-001	1.083521e-005	2.368474e-006
5.810000000000004e-001	5.810000e-001	5.000000e-001	1.083980e-005	2.369263e-006
5.820000000000004e-001	5.820000e-001	5.000000e-001	1.084439e-005	2.370053e-006
5.830000000000004e-001	5.830000e-001	5.000000e-001	1.084898e-005	2.370842e-006
5.840000000000004e-001	5.840000e-001	5.000000e-001	1.085357e-005	2.371630e-006
5.850000000000004e-001	5.850000e-001	5.000000e-001	1.085815e-005	2.372419e-006
5.860000000000004e-001	5.860000e-001	5.000000e-001	1.086274e-005	2.373206e-006
5.870000000000004e-001	5.870000e-001	5.000000e-001	1.086732e-005	2.373994e-006
5.880000000000004e-001	5.880000e-001	5.000000e-001	1.087190e-005	2.374781e-006
5.890000000000004e-001	5.890000e-001	5.000000e-001	1.087648e-005	2.375568e-006
5.900000000000004e-001	5.900000e-001	5.000000e-001	1.088106e-005	2.376354e-006
5.910000000000004e-001	5.910000e-001	5.000000e-001	1.088564e-005	2.377140e-006
5.920000000000004e-001	5.920000e-001	5.000000e-001	1.089022e-005	2.377926e-006
5.930000000000004e-001	5.930000e-001	5.000000e-001	1.089479e-005	2.378711e-006
5.940000000000004e-001	5.940000e-001	5.000000e-001	1.089936e-005	2.379496e-006
5.950000000000004e-001	5.950000e-001	5.000000e-001	1.090393e-005	2.380280e-006
5.960000000000004e-001	5.960000e-001	5.000000e-001	1.090850e-005	2.381065e-006
5.970000000000004e-001	5.970000e-001	5.000000e-001	1.091307e-005	2.381849e-006
5.980000000000004e-001	5.980000e-001	5.000000e-001	1.091764e-005	2.382632e-006
5.990000000000004e-001	5.990000e-001	5.000000e-001	1.092221e-005	2.383415e-006
6.000000000000004e-001	6.000000e-001	5.000000e-001	1.092677e-005	2.384198e-006
6.010000000000004e-001	6.010000e-001	5.000000e-001	1.093133e-005	2.384980e-006
6.020000000000004e-001	6.020000e-001	5.000000e-001	1.093590e-005	2.385763e-006
6.030000000000004e-001	6.030000e-001	5.000000e-001	1.094046e-005	2.386544e-006
6.040000000000004e-001	6.040000e-001	5.000000e-001	1.094501e-005	2.387326e-006
6.050000000000004e-001	6.050000e-001	5.000000e-001	1.094957e-005	2.388107e-006
6.060000000000004e-001	6.060000e-001	5.000000e-001	1.095413e-005	2.388888e-006
6.070000000000004e-001	6.070000e-001	5.000000e-001	1.095868e-005	2.389668e-006
6.080000000000004e-001	6.080000e-001	5.000000e-001	1.096324e-005	2.390448e-006
6.090000000000004e-001	6.090000e-001	5.000000e-001	1.096779e-005	2.391228e-006
6.100000000000004e-001	6.100000e-001	5.000000e-001	1.097234e-005	2.392007e-006
6.110000000000004e-001	6.110000e-001	5.000000e-001	1.097689e-005	2.392786e-006
6.120000000000004e-001	6.120000e-001	5.000000e-001	1.098144e-005	2.393565e-006
6.130000000000004e-001	6.130000e-001	5.000000e-001	1.098598e-005	2.394343e-006
6.140000000000004e-001	6.140000e-001	5.000000e-001	1.099053e-005	2.395122e-006
6.150000000000004e-001	6.150000e-001	5.000000e-001	1.099507e-005	2.395899e-006
6.160000000000004e-001	6.160000e-001	5.000000e-001	1.099962e-005	2.396677e-006
6.170000000000004e-001	6.170000e-001	5.000000e-001	1.100416e-005	2.397454e-006
6.180000000000004e-001	6.180000e-001	5.000000e-001	1.100870e-005	2.398230e-006
6.190000000000004e-001	6.190000e-001	5.000000e-001	1.101324e-005	2.399007e-006
6.200000000000004e-001	6.200000e-001	5.000000e-001	1.101778e-005	2.399783e-006
6.210000000000004e-001	6.210000e-001	5.000000e-001	1.102231e-005	2.400559e-006
6.220000000000004e-001	6.220000e-001	5.000000e-001	1.102685e-005	2.401334e-006
6.230000000000004e-001	6.230000e-001	5.000000e-001	1.103138e-005	2.402110e-006
6.240000000000004e-001	6.240000e-001	5.000000e-001	1.103592e-005	2.402884e-006
6.250000000000004e-001	6.250000e-001	5.000000e-001	1.104045e-005	2.403659e-006
6.260000000000004e-001	6.260000e-001	5.000000e-001	1.104498e-005	2.404433e-006
6.270000000000005e-001	6.270000e-001	5.000000e-001	1.104951e-005	2.405207e-006
6.280000000000005e-001	6.280000e-001	5.000000e-001	1.105403e-005	2.405981e-006
6.290000000000005e-001	6.290000e-001	5.000000e-001	1.105856e-005	2.406754e-006
6.300000000000005e-001	6.300000e-001	5.000000e-001	1.106309e-005	2.407527e-006
6.310000000000005e-001	6.310000e-001	5.000000e-001	1.106761e-005	2.408300e-006
6.320000000000005e-001	6.320000e-001	5.000000e-001	1.107213e-005	2.409072e-006
6.330000000000005e-001	6.330000e-001	5.000000e-001	1.107666e-005	2.409844e-006
6.340000000000005e-001	6.340000e-001	5.000000e-001	1.108118e-005	2.410616e-006
6.350000000000005e-001	6.350000e-001	5.000000e-001	1.108570e-005	2.411388e-006
6.360000000000005e-001	6.360000e-001	5.000000e-001	1.109022e-005	2.412159e-006
6.370000000000005e-001	6.370000e-001	5.000000e-001	1.109473e-005	2.412930e-006
6.380000000000005e-001	6.380000e-001	5.000000e-001	1.109925e-005	2.413700e-006
6.390000000000005e-001	6.390000e-001	5.000000e-001	1.110377e-005	2.414471e-006
6.400000000000005e-001	6.400000e-001	5.000000e-001	1.110828e-005	2.415240e-006
6.410000000000005e-001	6.410000e-001	5.000000e-001	1.111279e-005	2.416010e-006
6.420000000000005e-001	6.420000e-001	5.000000e-001	1.111730e-005	2.416780e-006
6.430000000000005e-001	6.430000e-001	5.000000e-001	1.112182e-005	2.417549e-006
6.440000000000005e-001	6.440000e-001	5.000000e-001	1.112633e-005	2.418318e-006
6.450000000000005e-001	6.450000e-001	5.000000e-001	1.113083e-005	2.419086e-006
6.460000000000005e-001	6.460000e-001	5.000000e-001	1.113534e-005	2.419855e-006
6.470000000000005e-001	6.470000e-001	5.000000e-001	1.113985e-005	2.420623e-006
6.480000000000005e-001	6.480000e-001	5.000000e-001	1.114435e-005	2.421390e-006
6.490000000000005e-001	6.490000e-001	5.000000e-001	1.114886e-005	2.422158e-006
6.500000000000005e-001	6.500000e-001	5.000000e-001	1.115336e-005	2.422925e-006
6.510000000000005e-001	6.510000e-001	5.000000e-001	1.115786e-005	2.423692e-006
6.520000000000005e-001	6.520000e-001	5.000000e-001	1.116236e-005	2.424458e-006
6.530000000000005e-001	6.530000e-001	5.000000e-001	1.116686e-005	2.425225e-006
6.540000000000005e-001	6.540000e-001	5.000000e-001	1.117136e-005	2.425991e-006
6.550000000000005e-001	6.550000e-001	5.000000e-001	1.117586e-005	2.426757e-006
6.560000000000005e-001	6.560000e-001	5.000000e-001	1.118036e-005	2.427522e-006
6.570000000000005e-001	6.570000e-001	5.000000e-001	1.118485e-005	2.428287e-006
6.580000000000005e-001	6.580000e-001	5.000000e-001	1.118935e-005	2.429052e-006
6.590000000000005e-001	6.590000e-001	5.000000e-001	1.119384e-005	2.429817e-006
6.600000000000005e-001	6.600000e-001	5.000000e-001	1.119833e-005	2.430581e-006
6.610000000000005e-001	6.610000e-001	5.000000e-001	1.120282e-005	2.431346e-006
6.620000000000005e-001	6.620000e-001	5.000000e-001	1.120731e-005	2.432109e-006
6.630000000000005e-001	6.630000e-001	5.000000e-001	1.121180e-005	2.432873e-006
6.640000000000005e-001	6.640000e-001	5.000000e-001	1.121629e-005	2.433636e-006
6.650000000000005e-001	6.650000e-001	5.000000e-001	1.122078e-005	2.434399e-006
6.660000000000005e-001	6.660000e-001	5.000000e-001	1.122527e-005	2.435162e-006
6.670000000000005e-001	6.670000e-001	5.000000e-001	1.122975e-005	2.435925e-006
6.680000000000005e-001	6.680000e-001	5.000000e-001	1.123424e-005	2.436687e-006
6.690000000000005e-001	6.690000e-001	5.000000e-001	1.123872e-005	2.437449e-006
6.700000000000005e-001	6.700000e-001	5.000000e-001	1.124320e-005	2.438211e-006
6.710000000000005e-001	6.710000e-001	5.000000e-001	1.124769e-005	2.438973e-006
6.720000000000005e-001	6.720000e-001	5.000000e-001	1.125217e-005	2.439734e-006
6.730000000000005e-001	6.730000e-001	5.000000e-001	1.125665e-005	2.440495e-006
6.740000000000005e-001	6.740000e-001	5.000000e-001	1.126113e-005	2.441256e-006
6.750000000000005e-001	6.750000e-001	5.000000e-001	1.126560e-005	2.442016e-006
6.760000000000005e-001	6.760000e-001	5.000000e-001	1.127008e-005	2.442776e-006
6.770000000000005e-001	6.770000e-001	5.000000e-001	1.127456e-005	2.443536e-006
6.780000000000005e-001	6.780000e-001	5.000000e-001	1.127903e-005	2.444296e-006
6.790000000000005e-001	6.790000e-001	5.000000e-001	1.128351e-005	2.445056e-006
6.800000000000005e-001	6.800000e-001	5.000000e-001	1.128798e-005	2.445815e-006
6.810000000000005e-001	6.810000e-001	5.000000e-001	1.129245e-005	2.446574e-006
6.820000000000005e-001	6.820000e-001	5.000000e-001	1.129692e-005	2.447333e-006
6.830000000000005e-001	6.830000e-001	5.000000e-001	1.130139e-005	2.448091e-006
6.840000000000005e-001	6.840000e-001	5.000000e-001	1.130586e-005	2.448850e-006
6.850000000000005e-001	6.850000e-001	5.000000e-001	1.131033e-005	2.449608e-006
6.860000000000005e-001	6.860000e-001	5.000000e-001	1.131480e-005	2.450366e-006
6.870000000000005e-001	6.870000e-001	5.000000e-001	1.131927e-005	2.451123e-006
6.880000000000005e-001	6.880000e-001	5.000000e-001	1.132373e-005	2.451881e-006
6.890000000000005e-001	6.890000e-001	5.000000e-001	1.132820e-005	2.452638e-006
6.900000000000005e-001	6.900000e-001	5.000000e-001	1.133266e-005	2.453394e-006
6.910000000000005e-001	6.910000e-001	5.000000e-001	1.133712e-005	2.454151e-006
6.920000000000005e-001	6.920000e-001	5.000000e-001	1.134159e-005	2.454908e-006
6.930000000000005e-001	6.930000e-001	5.000000e-001	1.134605e-005	2.455664e-006
6.940000000000005e-001	6.940000e-001	5.000000e-001	1.135051e-005	2.456420e-006
6.950000000000005e-001	6.950000e-001	5.000000e-001	1.135497e-005	2.457175e-006
6.960000000000005e-001	6.960000e-001	5.000000e-001	1.135943e-005	2.457931e-006
6.970000000000005e-001	6.970000e-001	5.000000e-001	1.136389e-005	2.458686e-006
6.980000000000005e-001	6.980000e-001	5.000000e-001	1.136834e-005	2.459441e-006
6.990000000000005e-001	6.990000e-001	5.000000e-001	1.137280e-005	2.460196e-006
7.000000000000005e-001	7.000000e-001	5.000000e-001	1.137726e-005	2.460951e-006
7.010000000000005e-001	7.010000e-001	5.000000e-001	1.138171e-005	2.461705e-006
7.020000000000005e-001	7.020000e-001	5.000000e-001	1.138617e-005	2.462459e-006
7.030000000000005e-001	7.030000e-001	5.000000e-001	1.139062e-005	2.463213e-006
7.040000000000005e-001	7.040000e-001	5.000000e-001	1.139507e-005	2.463967e-006
7.050000000000005e-001	7.050000e-001	5.000000e-001	1.139952e-005	2.464720e-006
7.060000000000005e-001	7.060000e-001	5.000000e-001	1.140397e-005	2.465473e-006
7.070000000000005e-001	7.070000e-001	5.000000e-001	1.140843e-005	2.466226e-006
7.080000000000005e-001	7.080000e-001	5.000000e-001	1.141287e-005	2.466979e-006
7.090000000000005e-001	7.090000e-001	5.000000e-001	1.141732e-005	2.467732e-006
7.100000000000005e-001	7.100000e-001	5.000000e-001	1.142177e-005	2.468484e-006
7.110000000000005e-001	7.110000e-001	5.000000e-001	1.142622e-005	2.469236e-006
7.120000000000005e-001	7.120000e-001	5.000000e-001	1.143066e-005	2.469988e-006
7.130000000000005e-001	7.130000e-001	5.000000e-001	1.143511e-005	2.470740e-006
7.140000000000005e-001	7.140000e-001	5.000000e-001	1.143955e-005	2.471491e-006
7.150000000000005e-001	7.150000e-001	5.000000e-001	1.144400e-005	2.472243e-006
7.160000000000005e-001	7.160000e-001	5.000000e-001	1.144844e-005	2.472994e-006
7.170000000000005e-001	7.170000e-001	5.000000e-001	1.145288e-005	2.473745e-006
7.180000000000005e-001	7.180000e-001	5.000000e-001	1.145732e-005	2.474495e-006
7.190000000000005e-001	7.190000e-001	5.000000e-001	1.146177e-005	2.475246e-006
7.200000000000005e-001	7.200000e-001	5.000000e-001	1.146621e-005	2.475996e-006
7.210000000000005e-001	7.210000e-001	5.000000e-001	1.147065e-005	2.476746e-006
7.220000000000005e-001	7.220000e-001	5.000000e-001	1.147508e-005	2.477496e-006
7.230000000000005e-001	7.230000e-001	5.000000e-001	1.147952e-005	2.478246e-006
7.240000000000005e-001	7.240000e-001	5.000000e-001	1.148396e-005	2.478995e-006
7.250000000000005e-001	7.250000e-001	5.000000e-001	1.148840e-005	2.479744e-006
7.260000000000005e-001	7.260000e-001	5.000000e-001	1.149283e-005	2.480493e-006
7.270000000000005e-001	7.270000e-001	5.000000e-001	1.149727e-005	2.481242e-006
7.280000000000005e-001	7.280000e-001	5.000000e-001	1.150170e-005	2.481991e-006
7.290000000000005e-001	7.290000e-001	5.000000e-001	1.150613e-005	2.482739e-006
7.300000000000005e-001	7.300000e-001	5.000000e-001	1.151057e-005	2.483487e-006
7.310000000000005e-001	7.310000e-001	5.000000e-001	1.151500e-005	2.484235e-006
7.320000000000005e-001	7.320000e-001	5.000000e-001	1.151943e-005	2.484983e-006
7.330000000000005e-001	7.330000e-001	5.000000e-001	1.152386e-005	2.485731e-006
7.340000000000005e-001	7.340000e-001	5.000000e-001	1.152829e-005	2.486478e-006
7.350000000000005e-001	7.350000e-001	5.000000e-001	1.153272e-005	2.487225e-006
7.360000000000005e-001	7.360000e-001	5.000000e-001	1.153715e-005	2.487972e-006
7.370000000000005e-001	7.370000e-001	5.000000e-001	1.154158e-005	2.488719e-006
7.380000000000005e-001	7.380000e-001	5.000000e-001	1.154600e-005	2.489466e-006
7.390000000000006e-001	7.390000e-001	5.000000e-001	1.155043e-005	2.490212e-006
7.400000000000006e-001	7.400000e-001	5.000000e-001	1.155486e-005	2.490959e-006
7.410000000000006e-001	7.410000e-001	5.000000e-001	1.155928e-005	2.491705e-006
7.420000000000006e-001	7.420000e-001	5.000000e-001	1.156371e-005	2.492451e-006
7.430000000000006e-001	7.430000e-001	5.000000e-001	1.156813e-005	2.493196e-006
7.440000000000006e-001	7.440000e-001	5.000000e-001	1.157255e-005	2.493942e-006
7.450000000000006e-001	7.450000e-001	5.000000e-001	1.157698e-005	2.494687e-006
7.460000000000006e-001	7.460000e-001	5.000000e-001	1.158140e-005	2.495432e-006
7.470000000000006e-001	7.470000e-001	5.000000e-001	1.158582e-005	2.496177e-006
7.480000000000006e-001	7.480000e-001	5.000000e-001	1.159024e-005	2.496922e-006
7.490000000000006e-001	7.490000e-001	5.000000e-001	1.159466e-005	2.497667e-006
7.500000000000006e-001	7.500000e-001	5.000000e-001	1.159908e-005	2.498411e-006
7.510000000000006e-001	7.510000e-001	5.000000e-001	1.160350e-005	2.499155e-006
7.520000000000006e-001	7.520000e-001	5.000000e-001	1.160792e-005	2.499899e-006
7.530000000000006e-001	7.530000e-001	5.000000e-001	1.161233e-005	2.500643e-006
7.540000000000006e-001	7.540000e-001	5.000000e-001	1.161675e-005	2.501387e-006
7.550000000000006e-001	7.550000e-001	5.000000e-001	1.162117e-005	2.502130e-006
7.560000000000006e-001	7.560000e-001	5.000000e-001	1.162558e-005	2.502874e-006
7.570000000000006e-001	7.570000e-001	5.000000e-001	1.163000e-005	2.503617e-006
7.580000000000006e-001	7.580000e-001	5.000000e-001	1.163441e-005	2.504360e-006
7.590000000000006e-001	7.590000e-001	5.000000e-001	1.163883e-005	2.505103e-006
7.600000000000006e-001	7.600000e-001	5.000000e-001	1.164324e-005	2.505845e-006
7.610000000000006e-001	7.610000e-001	5.000000e-001	1.164765e-005	2.506588e-006
7.620000000000006e-001	7.620000e-001	5.000000e-001	1.165206e-005	2.507330e-006
7.630000000000006e-001	7.630000e-001	5.000000e-001	1.165648e-005	2.508072e-006
7.640000000000006e-001	7.640000e-001	5.000000e-001	1.166089e-005	2.508814e-006
7.650000000000006e-001	7.650000e-001	5.000000e-001	1.166530e-005	2.509556e-006
7.660000000000006e-001	7.660000e-001	5.000000e-001	1.166971e-005	2.510297e-006
7.670000000000006e-001	7.670000e-001	5.000000e-001	1.167411e-005	2.511039e-006
7.680000000000006e-001	7.680000e-001	5.000000e-001	1.167852e-005	2.511780e-006
7.690000000000006e-001	7.690000e-001	5.000000e-001	1.168293e-005	2.512521e-006
7.700000000000006e-001	7.700000e-001	5.000000e-001	1.168734e-005	2.513262e-006
7.710000000000006e-001	7.710000e-001	5.000000e-001	1.169175e-005	2.514003e-006
7.720000000000006e-001	7.720000e-001	5.000000e-001	1.169615e-005	2.514743e-006
7.730000000000006e-001	7.730000e-001	5.000000e-001	1.170056e-005	2.515484e-006
7.740000000000006e-001	7.740000e-001	5.000000e-001	1.170496e-005	2.516224e-006
7.750000000000006e-001	7.750000e-001	5.000000e-001	1.170937e-005	2.516964e-006
7.760000000000006e-001	7.760000e-001	5.000000e-001	1.171377e-005	2.517704e-006
7.770000000000006e-001	7.770000e-001	5.000000e-001	1.171817e-005	2.518444e-006
7.780000000000006e-001	7.780000e-001	5.000000e-001	1.172258e-005	2.519183e-006
7.790000000000006e-001	7.790000e-001	5.000000e-001	1.172698e-005	2.519923e-006
7.800000000000006e-001	7.800000e-001	5.000000e-001	1.173138e-005	2.520662e-006
7.810000000000006e-001	7.810000e-001	5.000000e-001	1.173578e-005	2.521401e-006
7.820000000000006e-001	7.820000e-001	5.000000e-001	1.174018e-005	2.522140e-006
7.830000000000006e-001	7.830000e-001	5.000000e-001	1.174458e-005	2.522879e-006
7.840000000000006e-001	7.840000e-001	5.000000e-001	1.174898e-005	2.523618e-006
7.850000000000006e-001	7.850000e-001	5.000000e-001	1.175338e-005	2.524356e-006
7.860000000000006e-001	7.860000e-001	5.000000e-001	1.175778e-005	2.525094e-006
7.870000000000006e-001	7.870000e-001	5.000000e-001	1.176218e-005	2.525833e-006
7.880000000000006e-001	7.880000e-001	5.000000e-001	1.176657e-005	2.526571e-006
7.890000000000006e-001	7.890000e-001	5.000000e-001	1.177097e-005	2.527308e-006
7.900000000000006e-001	7.900000e-001	5.000000e-001	1.177537e-005	2.528046e-006
7.910000000000006e-001	7.910000e-001	5.000000e-001	1.177976e-005	2.528784e-006
7.920000000000006e-001	7.920000e-001	5.000000e-001	1.178416e-005	2.529521e-006
7.930000000000006e-001	7.930000e-001	5.000000e-001	1.178855e-005	2.530258e-006
7.940000000000006e-001	7.940000e-001	5.000000e-001	1.179295e-005	2.530996e-006
7.950000000000006e-001	7.950000e-001	5.000000e-001	1.179734e-005	2.531732e-006
7.960000000000006e-001	7.960000e-001	5.000000e-001	1.180174e-005	2.532469e-006
7.970000000000006e-001	7.970000e-001	5.000000e-001	1.180613e-005	2.533206e-006
7.980000000000006e-001	7.980000e-001	5.000000e-001	1.181052e-005	2.533942e-006
7.990000000000006e-001	7.990000e-001	5.000000e-001	1.181491e-005	2.534679e-006
8.000000000000006e-001	8.000000e-001	5.000000e-001	1.181930e-005	2.535415e-006
8.010000000000006e-001	8.010000e-001	5.000000e-001	1.182369e-005	2.536151e-006
8.020000000000006e-001	8.020000e-001	5.000000e-001	1.182809e-005	2.536887e-006
8.030000000000006e-001	8.030000e-001	5.000000e-001	1.183248e-005	2.537623e-006
8.040000000000006e-001	8.040000e-001	5.000000e-001	1.183686e-005	2.538358e-006
8.050000000000006e-001	8.050000e-001	5.000000e-001	1.184125e-005	2.539094e-006
8.060000000000006e-001	8.060000e-001	5.000000e-001	1.184564e-005	2.539829e-006
8.070000000000006e-001	8.070000e-001	5.000000e-001	1.185003e-005	2.540564e-006
8.080000000000006e-001	8.080000e-001	5.000000e-001	1.185442e-005	2.541299e-006
8.090000000000006e-001	8.090000e-001	5.000000e-001	1.185880e-005	2.542034e-006
8.100000000000006e-001	8.100000e-001	5.000000e-001	1.186319e-005	2.542769e-006
8.110000000000006e-001	8.110000e-001	5.000000e-001	1.186758e-005	2.543504e-006
8.120000000000006e-001	8.120000e-001	5.000000e-001	1.187196e-005	2.544238e-006
8.130000000000006e-001	8.130000e-001	5.000000e-001	1.187635e-005	2.544972e-006
8.140000000000006e-001	8.140000e-001	5.000000e-001	1.188073e-005	2.545707e-006
8.150000000000006e-001	8.150000e-001	5.000000e-001	1.188512e-005	2.546441e-006
8.160000000000006e-001	8.160000e-001	5.000000e-001	1.188950e-005	2.547175e-006
8.170000000000006e-001	8.170000e-001	5.000000e-001	1.189388e-005	2.547908e-006
8.180000000000006e-001	8.180000e-001	5.000000e-001	1.189827e-005	2.548642e-006
8.190000000000006e-001	8.190000e-001	5.000000e-001	1.190265e-005	2.549375e-006
8.200000000000006e-001	8.200000e-001	5.000000e-001	1.190703e-005	2.550109e-006
8.210000000000006e-001	8.210000e-001	5.000000e-001	1.191141e-005	2.550842e-006
8.220000000000006e-001	8.220000e-001	5.000000e-001	1.191579e-005	2.551575e-006
8.230000000000006e-001	8.230000e-001	5.000000e-001	1.192017e-005	2.552308e-006
8.240000000000006e-001	8.240000e-001	5.000000e-001	1.192456e-005	2.553041e-006
8.250000000000006e-001	8.250000e-001	5.000000e-001	1.192894e-005	2.553774e-006
8.260000000000006e-001	8.260000e-001	5.000000e-001	1.193331e-005	2.554506e-006
8.270000000000006e-001	8.270000e-001	5.000000e-001	1.193769e-005	2.555239e-006
8.280000000000006e-001	8.280000e-001	5.000000e-001	1.194207e-005	2.555971e-006
8.290000000000006e-001	8.290000e-001	5.000000e-001	1.194645e-005	2.556703e-006
8.300000000000006e-001	8.300000e-001	5.000000e-001	1.195083e-005	2.557435e-006
8.310000000000006e-001	8.310000e-001	5.000000e-001	1.195521e-005	2.558167e-006
8.320000000000006e-001	8.320000e-001	5.000000e-001	1.195958e-005	2.558899e-006
8.330000000000006e-001	8.330000e-001	5.000000e-001	1.196396e-005	2.559631e-006
8.340000000000006e-001	8.340000e-001	5.000000e-001	1.196834e-005	2.560362e-006
8.350000000000006e-001	8.350000e-001	5.000000e-001	1.197271e-005	2.561093e-006
8.360000000000006e-001	8.360000e-001	5.000000e-001	1.197709e-005	2.561825e-006
8.370000000000006e-001	8.370000e-001	5.000000e-001	1.198146e-005	2.562556e-006
8.380000000000006e-001	8.380000e-001	5.000000e-001	1.198584e-005	2.563287e-006
8.390000000000006e-001	8.390000e-001	5.000000e-001	1.199021e-005	2.564018e-006
8.400000000000006e-001	8.400000e-001	5.000000e-001	1.199458e-005	2.564749e-006
8.410000000000006e-001	8.410000e-001	5.000000e-001	1.199896e-005	2.565479e-006
8.420000000000006e-001	8.420000e-001	5.000000e-001	1.200333e-005	2.566210e-006
8.430000000000006e-001	8.430000e-001	5.000000e-001	1.200770e-005	2.566940e-006
8.440000000000006e-001	8.440000e-001	5.000000e-001	1.201208e-005	2.567671e-006
8.450000000000006e-001	8.450000e-001	5.000000e-001	1.201645e-005	2.568401e-006
8.460000000000006e-001	8.460000e-001	5.000000e-001	1.202082e-005	2.569131e-006
8.470000000000006e-001	8.470000e-001	5.000000e-001	1.202519e-005	2.569861e-006
8.480000000000006e-001	8.480000e-001	5.000000e-001	1.202956e-005	2.570591e-006
8.490000000000006e-001	8.490000e-001	5.000000e-001	1.203393e-005	2.571320e-006
8.500000000000006e-001	8.500000e-001	5.000000e-001	1.203830e-005	2.572050e-006
8.510000000000006e-001	8.510000e-001	5.000000e-001	1.204267e-005	2.572779e-006
8.520000000000007e-001	8.520000e-001	5.000000e-001	1.204704e-005	2.573508e-006
8.530000000000007e-001	8.530000e-001	5.000000e-001	1.205141e-005	2.574238e-006
8.540000000000007e-001	8.540000e-001	5.000000e-001	1.205578e-005	2.574967e-006
8.550000000000007e-001	8.550000e-001	5.000000e-001	1.206015e-005	2.575696e-006
8.560000000000007e-001	8.560000e-001	5.000000e-001	1.206451e-005	2.576425e-006
8.570000000000007e-001	8.570000e-001	5.000000e-001	1.206888e-005	2.577154e-006
8.580000000000007e-001	8.580000e-001	5.000000e-001	1.207325e-005	2.577882e-006
8.590000000000007e-001	8.590000e-001	5.000000e-001	1.207761e-005	2.578611e-006
8.600000000000007e-001	8.600000e-001	5.000000e-001	1.208198e-005	2.579339e-006
8.610000000000007e-001	8.610000e-001	5.000000e-001	1.208635e-005	2.580067e-006
8.620000000000007e-001	8.620000e-001	5.000000e-001	1.209071e-005	2.580795e-006
8.630000000000007e-001	8.630000e-001	5.000000e-001	1.209508e-005	2.581523e-006
8.640000000000007e-001	8.640000e-001	5.000000e-001	1.209944e-005	2.582251e-006
8.650000000000007e-001	8.650000e-001	5.000000e-001	1.210381e-005	2.582979e-006
8.660000000000007e-001	8.660000e-001	5.000000e-001	1.210817e-005	2.583707e-006
8.670000000000007e-001	8.670000e-001	5.000000e-001	1.211253e-005	2.584435e-006
8.680000000000007e-001	8.680000e-001	5.000000e-001	1.211690e-005	2.585162e-006
8.690000000000007e-001	8.690000e-001	5.000000e-001	1.212126e-005	2.585890e-006
8.700000000000007e-001	8.700000e-001	5.000000e-001	1.212563e-005	2.586617e-006
8.710000000000007e-001	8.710000e-001	5.000000e-001	1.212999e-005	2.587344e-006
8.720000000000007e-001	8.720000e-001	5.000000e-001	1.213435e-005	2.588071e-006
8.730000000000007e-001	8.730000e-001	5.000000e-001	1.213871e-005	2.588798e-006
8.740000000000007e-001	8.740000e-001	5.000000e-001	1.214307e-005	2.589525e-006
8.750000000000007e-001	8.750000e-001	5.000000e-001	1.214743e-005	2.590252e-006
8.760000000000007e-001	8.760000e-001	5.000000e-001	1.215180e-005	2.590978e-006
8.770000000000007e-001	8.770000e-001	5.000000e-001	1.215616e-005	2.591705e-006
8.780000000000007e-001	8.780000e-001	5.000000e-001	1.216052e-005	2.592431e-006
8.790000000000007e-001	8.790000e-001	5.000000e-001	1.216488e-005	2.593158e-006
8.800000000000007e-001	8.800000e-001	5.000000e-001	1.216924e-005	2.593884e-006
8.810000000000007e-001	8.810000e-001	5.000000e-001	1.217360e-005	2.594610e-006
8.820000000000007e-001	8.820000e-001	5.000000e-001	1.217795e-005	2.595336e-006
8.830000000000007e-001	8.830000e-001	5.000000e-001	1.218231e-005	2.596062e-006
8.840000000000007e-001	8.840000e-001	5.000000e-001	1.218667e-005	2.596788e-006
8.850000000000007e-001	8.850000e-001	5.000000e-001	1.219103e-005	2.597513e-006
8.860000000000007e-001	8.860000e-001	5.000000e-001	1.219539e-005	2.598239e-006
8.870000000000007e-001	8.870000e-001	5.000000e-001	1.219975e-005	2.598965e-006
8.880000000000007e-001	8.880000e-001	5.000000e-001	1.220410e-005	2.599690e-006
8.890000000000007e-001	8.890000e-001	5.000000e-001	1.220846e-005	2.600415e-006
8.900000000000007e-001	8.900000e-001	5.000000e-001	1.221282e-005	2.601141e-006
8.910000000000007e-001	8.910000e-001	5.000000e-001	1.221717e-005	2.601866e-006
8.920000000000007e-001	8.920000e-001	5.000000e-001	1.222153e-005	2.602590e-006
8.930000000000007e-001	8.930000e-001	5.000000e-001	1.222589e-005	2.603316e-006
8.940000000000007e-001	8.940000e-001	5.000000e-001	1.223024e-005	2.604040e-006
8.950000000000007e-001	8.950000e-001	5.000000e-001	1.223460e-005	2.604765e-006
8.960000000000007e-001	8.960000e-001	5.000000e-001	1.223895e-005	2.605489e-006
8.970000000000007e-001	8.970000e-001	5.000000e-001	1.224331e-005	2.606214e-006
8.980000000000007e-001	8.980000e-001	5.000000e-001	1.224766e-005	2.606939e-006
8.990000000000007e-001	8.990000e-001	5.000000e-001	1.225202e-005	2.607663e-006
9.000000000000007e-001	9.000000e-001	5.000000e-001	1.225637e-005	2.608387e-006
9.010000000000007e-001	9.010000e-001	5.000000e-001	1.226072e-005	2.609111e-006
9.020000000000007e-001	9.020000e-001	5.000000e-001	1.226508e-005	2.609835e-006
9.030000000000007e-001	9.030000e-001	5.000000e-001	1.226943e-005	2.610559e-006
9.040000000000007e-001	9.040000e-001	5.000000e-001	1.227378e-005	2.611283e-006
9.050000000000007e-001	9.050000e-001	5.000000e-001	1.227813e-005	2.612007e-006
9.060000000000007e-001	9.060000e-001	5.000000e-001	1.228249e-005	2.612730e-006
9.070000000000007e-001	9.070000e-001	5.000000e-001	1.228684e-005	2.613454e-006
9.080000000000007e-001	9.080000e-001	5.000000e-001	1.229119e-005	2.614178e-006
9.090000000000007e-001	9.090000e-001	5.000000e-001	1.229554e-005	2.614901e-006
9.100000000000007e-001	9.100000e-001	5.000000e-001	1.229989e-005	2.615624e-006
9.110000000000007e-001	9.110000e-001	5.000000e-001	1.230424e-005	2.616348e-006
9.120000000000007e-001	9.120000e-001	5.000000e-001	1.230859e-005	2.617071e-006
9.130000000000007e-001	9.130000e-001	5.000000e-001	1.231295e-005	2.617794e-006
9.140000000000007e-001	9.140000e-001	5.000000e-001	1.231730e-005	2.618517e-006
9.150000000000007e-001	9.150000e-001	5.000000e-001	1.232165e-005	2.619239e-006
9.160000000000007e-001	9.160000e-001	5.000000e-001	1.232600e-005	2.619962e-006
9.170000000000007e-001	9.170000e-001	5.000000e-001	1.233035e-005	2.620685e-006
9.180000000000007e-001	9.180000e-001	5.000000e-001	1.233469e-005	2.621407e-006
9.190000000000007e-001	9.190000e-001	5.000000e-001	1.233904e-005	2.622130e-006
9.200000000000007e-001	9.200000e-001	5.000000e-001	1.234339e-005	2.622852e-006
9.210000000000007e-001	9.210000e-001	5.000000e-001	1.234774e-005	2.623575e-006
9.220000000000007e-001	9.220000e-001	5.000000e-001	1.235209e-005	2.624297e-006
9.230000000000007e-001	9.230000e-001	5.000000e-001	1.235644e-005	2.625019e-006
9.240000000000007e-001	9.240000e-001	5.000000e-001	1.236078e-005	2.625741e-006
9.250000000000007e-001	9.250000e-001	5.000000e-001	1.236513e-005	2.626463e-006
9.260000000000007e-001	9.260000e-001	5.000000e-001	1.236948e-005	2.627185e-006
9.270000000000007e-001	9.270000e-001	5.000000e-001	1.237383e-005	2.627907e-006
9.280000000000007e-001	9.280000e-001	5.000000e-001	1.237817e-005	2.628628e-006
9.290000000000007e-001	9.290000e-001	5.000000e-001	1.238252e-005	2.629350e-006
9.300000000000007e-001	9.300000e-001	5.000000e-001	1.238687e-005	2.630072e-006
9.310000000000007e-001	9.310000e-001	5.000000e-001	1.239121e-005	2.630793e-006
9.320000000000007e-001	9.320000e-001	5.000000e-001	1.239556e-005	2.631515e-006
9.330000000000007e-001	9.330000e-001	5.000000e-001	1.239990e-005	2.632236e-006
9.340000000000007e-001	9.340000e-001	5.000000e-001	1.240425e-005	2.632957e-006
9.350000000000007e-001	9.350000e-001	5.000000e-001	1.240859e-005	2.633678e-006
9.360000000000007e-001	9.360000e-001	5.000000e-001	1.241294e-005	2.634399e-006
9.370000000000007e-001	9.370000e-001	5.000000e-001	1.241728e-005	2.635120e-006
9.380000000000007e-001	9.380000e-001	5.000000e-001	1.242163e-005	2.635841e-006
9.390000000000007e-001	9.390000e-001	5.000000e-001	1.242597e-005	2.636562e-006
9.400000000000007e-001	9.400000e-001	5.000000e-001	1.243032e-005	2.637283e-006
9.410000000000007e-001	9.410000e-001	5.000000e-001	1.243466e-005	2.638003e-006
9.420000000000007e-001	9.420000e-001	5.000000e-001	1.243901e-005	2.638724e-006
9.430000000000007e-001	9.430000e-001	5.000000e-001	1.244335e-005	2.639445e-006
9.440000000000007e-001	9.440000e-001	5.000000e-001	1.244769e-005	2.640165e-006
9.450000000000007e-001	9.450000e-001	5.000000e-001	1.245204e-005	2.640885e-006
9.460000000000007e-001	9.460000e-001	5.000000e-001	1.245638e-005	2.641606e-006
9.470000000000007e-001	9.470000e-001	5.000000e-001	1.246072e-005	2.642326e-006
9.480000000000007e-001	9.480000e-001	5.000000e-001	1.246506e-005	2.643046e-006
9.490000000000007e-001	9.490000e-001	5.000000e-001	1.246941e-005	2.643766e-006
9.500000000000007e-001	9.500000e-001	5.000000e-001	1.247375e-005	2.644486e-006
9.510000000000007e-001	9.510000e-001	5.000000e-001	1.247809e-005	2.645206e-006
9.520000000000007e-001	9.520000e-001	5.000000e-001	1.248243e-005	2.645926e-006
9.530000000000007e-001	9.530000e-001	5.000000e-001	1.248677e-005	2.646645e-006
9.540000000000007e-001	9.540000e-001	5.000000e-001	1.249112e-005	2.647365e-006
9.550000000000007e-001	9.550000e-001	5.000000e-001	1.249546e-005	2.648085e-006
9.560000000000007e-001	9.560000e-001	5.000000e-001	1.249980e-005	2.648804e-006
9.570000000000007e-001	9.570000e-001	5.000000e-001	1.250414e-005	2.649524e-006
9.580000000000007e-001	9.580000e-001	5.000000e-001	1.250848e-005	2.650243e-006
9.590000000000007e-001	9.590000e-001	5.000000e-001	1.251282e-005	2.650962e-006
9.600000000000007e-001	9.600000e-001	5.000000e-001	1.251716e-005	2.651682e-006
9.610000000000007e-001	9.610000e-001	5.000000e-001	1.252150e-005	2.652401e-006
9.620000000000007e-001	9.620000e-001	5.000000e-001	1.252584e-005	2.653120e-006
9.630000000000007e-001	9.630000e-001	5.000000e-001	1.253018e-005	2.653839e-006
9.640000000000008e-001	9.640000e-001	5.000000e-001	1.253452e-005	2.654558e-006
9.650000000000008e-001	9.650000e-001	5.000000e-001	1.253886e-005	2.655277e-006
9.660000000000008e-001	9.660000e-001	5.000000e-001	1.254320e-005	2.655996e-006
9.670000000000008e-001	9.670000e-001	5.000000e-001	1.254754e-005	2.656714e-006
9.680000000000008e-001	9.680000e-001	5.000000e-001	1.255188e-005	2.657433e-006
9.690000000000008e-001	9.690000e-001	5.000000e-001	1.255622e-005	2.658152e-006
9.700000000000008e-001	9.700000e-001	5.000000e-001	1.256055e-005	2.658870e-006
9.710000000000008e-001	9.710000e-001	5.000000e-001	1.256489e-005	2.659589e-006
9.720000000000008e-001	9.720000e-001	5.000000e-001	1.256923e-005	2.660307e-006
9.730000000000008e-001	9.730000e-001	5.000000e-001	1.257357e-005	2.661025e-006
9.740000000000008e-001	9.740000e-001	5.000000e-001	1.257791e-005	2.661744e-006
9.750000000000008e-001	9.750000e-001	5.000000e-001	1.258224e-005	2.662462e-006
9.760000000000008e-001	9.760000e-001	5.000000e-001	1.258658e-005	2.663180e-006
9.770000000000008e-001	9.770000e-001	5.000000e-001	1.259092e-005	2.663898e-006
9.780000000000008e-001	9.780000e-001	5.000000e-001	1.259526e-005	2.664616e-006
9.790000000000008e-001	9.790000e-001	5.000000e-001	1.259959e-005	2.665334e-006
9.800000000000008e-001	9.800000e-001	5.000000e-001	1.260393e-005	2.666052e-006
9.810000000000008e-001	9.810000e-001	5.000000e-001	1.260827e-005	2.666769e-006
9.820000000000008e-001	9.820000e-001	5.000000e-001	1.261260e-005	2.667487e-006
9.830000000000008e-001	9.830000e-001	5.000000e-001	1.261694e-005	2.668205e-006
9.840000000000008e-001	9.840000e-001	5.000000e-001	1.262128e-005	2.668922e-006
9.850000000000008e-001	9.850000e-001	5.000000e-001	1.262561e-005	2.669640e-006
9.860000000000008e-001	9.860000e-001	5.000000e-001	1.262995e-005	2.670358e-006
9.870000000000008e-001	9.870000e-001	5.000000e-001	1.263428e-005	2.671075e-006
9.880000000000008e-001	9.880000e-001	5.000000e-001	1.263862e-005	2.671792e-006
9.890000000000008e-001	9.890000e-001	5.000000e-001	1.264296e-005	2.672509e-006
9.900000000000008e-001	9.900000e-001	5.000000e-001	1.264729e-005	2.673227e-006
9.910000000000008e-001	9.910000e-001	5.000000e-001	1.265163e-005	2.673944e-006
9.920000000000008e-001	9.920000e-001	5.000000e-001	1.265596e-005	2.674661e-006
9.930000000000008e-001	9.930000e-001	5.000000e-001	1.266030e-005	2.675378e-006
9.940000000000008e-001	9.940000e-001	5.000000e-001	1.266463e-005	2.676095e-006
9.950000000000008e-001	9.950000e-001	5.000000e-001	1.266897e-005	2.676812e-006
9.960000000000008e-001	9.960000e-001	5.000000e-001	1.267330e-005	2.677529e-006
9.970000000000008e-001	9.970000e-001	5.000000e-001	1.267764e-005	2.678246e-006
9.980000000000008e-001	9.980000e-001	5.000000e-001	1.268197e-005	2.678962e-006
9.990000000000008e-001	9.990000e-001	5.000000e-001	1.268630e-005	2.679679e-006
1.000000000000001e+000	1.000000e+000	5.000000e-001	1.269064e-005	2.680396e-006
1.001000000000001e+000	1.001000e+000	5.000000e-001	1.269497e-005	2.681112e-006
1.002000000000000e+000	1.002000e+000	5.000000e-001	1.269931e-005	2.681829e-006
1.003000000000000e+000	1.003000e+000	5.000000e-001	1.270364e-005	2.682545e-006
1.004000000000000e+000	1.004000e+000	5.000000e-001	1.270797e-005	2.683262e-006
1.005000000000000e+000	1.005000e+000	5.000000e-001	1.271231e-005	2.683978e-006
1.006000000000000e+000	1.006000e+000	5.000000e-001	1.271664e-005	2.684694e-006
1.007000000000000e+000	1.007000e+000	5.000000e-001	1.272097e-005	2.685410e-006
1.008000000000000e+000	1.008000e+000	5.000000e-001	1.272531e-005	2.686126e-006
1.009000000000000e+000	1.009000e+000	5.000000e-001	1.272964e-005	2.686843e-006
1.010000000000000e+000	1.010000e+000	5.000000e-001	1.273397e-005	2.687559e-006
1.011000000000000e+000	1.011000e+000	5.000000e-001	1.273831e-005	2.688275e-006
1.011999999999999e+000	1.012000e+000	5.000000e-001	1.274264e-005	2.688991e-006
1.012999999999999e+000	1.013000e+000	5.000000e-001	1.274697e-005	2.689706e-006
1.013999999999999e+000	1.014000e+000	5.000000e-001	1.275130e-005	2.690422e-006
1.014999999999999e+000	1.015000e+000	5.000000e-001	1.275563e-005	2.691138e-006
1.015999999999999e+000	1.016000e+000	5.000000e-001	1.275997e-005	2.691854e-006
1.016999999999999e+000	1.017000e+000	5.000000e-001	1.276430e-005	2.692569e-006
1.017999999999999e+000	1.018000e+000	5.000000e-001	1.276863e-005	2.693285e-006
1.018999999999999e+000	1.019000e+000	5.000000e-001	1.277296e-005	2.694001e-006
1.019999999999999e+000	1.020000e+000	5.000000e-001	1.277729e-005	2.694716e-006
1.020999999999998e+000	1.021000e+000	5.000000e-001	1.278163e-005	2.695431e-006
1.021999999999998e+000	1.022000e+000	5.000000e-001	1.278596e-005	2.696147e-006
1.022999999999998e+000	1.023000e+000	5.000000e-001	1.279029e-005	2.696862e-006
1.023999999999998e+000	1.024000e+000	5.000000e-001	1.279462e-005	2.697577e-006
1.024999999999998e+000	1.025000e+000	5.000000e-001	1.279895e-005	2.698293e-006
1.025999999999998e+000	1.026000e+000	5.000000e-001	1.280328e-005	2.699008e-006
1.026999999999998e+000	1.027000e+000	5.000000e-001	1.280761e-005	2.699723e-006
1.027999999999998e+000	1.028000e+000	5.000000e-001	1.281195e-005	2.700438e-006
1.028999999999998e+000	1.029000e+000	5.000000e-001	1.281628e-005	2.701153e-006
1.029999999999997e+000	1.030000e+000	5.000000e-001	1.282061e-005	2.701868e-006
1.030999999999997e+000	1.031000e+000	5.000000e-001	1.282494e-005	2.702583e-006
1.031999999999997e+000	1.032000e+000	5.000000e-001	1.282927e-005	2.703298e-006
1.032999999999997e+000	1.033000e+000	5.000000e-001	1.283360e-005	2.704013e-006
1.033999999999997e+000	1.034000e+000	5.000000e-001	1.283793e-005	2.704728e-006
1.034999999999997e+000	1.035000e+000	5.000000e-001	1.284226e-005	2.705442e-006
1.035999999999997e+000	1.036000e+000	5.000000e-001	1.284659e-005	2.706157e-006
1.036999999999997e+000	1.037000e+000	5.000000e-001	1.285092e-005	2.706872e-006
1.037999999999997e+000	1.038000e+000	5.000000e-001	1.285525e-005	2.707586e-006
1.038999999999996e+000	1.039000e+000	5.000000e-001	1.285958e-005	2.708301e-006
1.039999999999996e+000	1.040000e+000	5.000000e-001	1.286391e-005	2.709015e-006
1.040999999999996e+000	1.041000e+000	5.000000e-001	1.286824e-005	2.709730e-006
1.041999999999996e+000	1.042000e+000	5.000000e-001	1.287257e-005	2.710444e-006
1.042999999999996e+000	1.043000e+000	5.000000e-001	1.287690e-005	2.711158e-006
1.043999999999996e+000	1.044000e+000	5.000000e-001	1.288123e-005	2.711873e-006
1.044999999999996e+000	1.045000e+000	5.000000e-001	1.288556e-005	2.712587e-006
1.045999999999996e+000	1.046000e+000	5.000000e-001	1.288989e-005	2.713301e-006
1.046999999999996e+000	1.047000e+000	5.000000e-001	1.289422e-005	2.714015e-006
1.047999999999995e+000	1.048000e+000	5.000000e-001	1.289854e-005	2.714729e-006
1.048999999999995e+000	1.049000e+000	5.000000e-001	1.290287e-005	2.715444e-006
1.049999999999995e+000	1.050000e+000	5.000000e-001	1.290720e-005	2.716157e-006
1.050999999999995e+000	1.051000e+000	5.000000e-001	1.291153e-005	2.716871e-006
1.051999999999995e+000	1.052000e+000	5.000000e-001	1.291586e-005	2.717585e-006
1.052999999999995e+000	1.053000e+000	5.000000e-001	1.292019e-005	2.718299e-006
1.053999999999995e+000	1.054000e+000	5.000000e-001	1.292452e-005	2.719013e-006
1.054999999999995e+000	1.055000e+000	5.000000e-001	1.292885e-005	2.719727e-006
1.055999999999995e+000	1.056000e+000	5.000000e-001	1.293317e-005	2.720441e-006
1.056999999999994e+000	1.057000e+000	5.000000e-001	1.293750e-005	2.721154e-006
1.057999999999994e+000	1.058000e+000	5.000000e-001	1.294183e-005	2.721868e-006
1.058999999999994e+000	1.059000e+000	5.000000e-001	1.294616e-005	2.722582e-006
1.059999999999994e+000	1.060000e+000	5.000000e-001	1.295049e-005	2.723295e-006
1.060999999999994e+000	1.061000e+000	5.000000e-001	1.295482e-005	2.724009e-006
1.061999999999994e+000	1.062000e+000	5.000000e-001	1.295915e-005	2.724722e-006
1.062999999999994e+000	1.063000e+000	5.000000e-001	1.296347e-005	2.725436e-006
1.063999999999994e+000	1.064000e+000	5.000000e-001	1.296780e-005	2.726149e-006
1.064999999999994e+000	1.065000e+000	5.000000e-001	1.297213e-005	2.726863e-006
1.065999999999993e+000	1.066000e+000	5.000000e-001	1.297646e-005	2.727576e-006
1.066999999999993e+000	1.067000e+000	5.000000e-001	1.298079e-005	2.728289e-006
1.067999999999993e+000	1.068000e+000	5.000000e-001	1.298511e-005	2.729003e-006
1.068999999999993e+000	1.069000e+000	5.000000e-001	1.298944e-005	2.729716e-006
1.069999999999993e+000	1.070000e+000	5.000000e-001	1.299377e-005	2.730429e-006
1.070999999999993e+000	1.071000e+000	5.000000e-001	1.299810e-005	2.731142e-006
1.071999999999993e+000	1.072000e+000	5.000000e-001	1.300242e-005	2.731855e-006
1.072999999999993e+000	1.073000e+000	5.000000e-001	1.300675e-005	2.732568e-006
1.073999999999993e+000	1.074000e+000	5.000000e-001	1.301108e-005	2.733281e-006
1.074999999999992e+000	1.075000e+000	5.000000e-001	1.301541e-005	2.733994e-006
1.075999999999992e+000	1.076000e+000	5.000000e-001	1.301973e-005	2.734707e-006
1.076999999999992e+000	1.077000e+000	5.000000e-001	1.302406e-005	2.735420e-006
1.077999999999992e+000	1.078000e+000	5.000000e-001	1.302839e-005	2.736133e-006
1.078999999999992e+000	1.079000e+000	5.000000e-001	1.303272e-005	2.736846e-006
1.079999999999992e+000	1.080000e+000	5.000000e-001	1.303704e-005	2.737559e-006
1.080999999999992e+000	1.081000e+000	5.000000e-001	1.304137e-005	2.738271e-006
1.081999999999992e+000	1.082000e+000	5.000000e-001	1.304570e-005	2.738984e-006
1.082999999999992e+000	1.083000e+000	5.000000e-001	1.305003e-005	2.739697e-006
1.083999999999991e+000	1.084000e+000	5.000000e-001	1.305435e-005	2.740409e-006
1.084999999999991e+000	1.085000e+000	5.000000e-001	1.305868e-005	2.741122e-006
1.085999999999991e+000	1.086000e+000	5.000000e-001	1.306301e-005	2.741835e-006
1.086999999999991e+000	1.087000e+000	5.000000e-001	1.306733e-005	2.742547e-006
1.087999999999991e+000	1.088000e+000	5.000000e-001	1.307166e-005	2.743260e-006
1.088999999999991e+000	1.089000e+000	5.000000e-001	1.307599e-005	2.743972e-006
1.089999999999991e+000	1.090000e+000	5.000000e-001	1.308031e-005	2.744684e-006
1.090999999999991e+000	1.091000e+000	5.000000e-001	1.308464e-005	2.745397e-006
1.091999999999991e+000	1.092000e+000	5.000000e-001	1.308897e-005	2.746109e-006
1.092999999999990e+000	1.093000e+000	5.000000e-001	1.309329e-005	2.746822e-006
1.093999999999990e+000	1.094000e+000	5.000000e-001	1.309762e-005	2.747534e-006
1.094999999999990e+000	1.095000e+000	5.000000e-001	1.310195e-005	2.748246e-006
1.095999999999990e+000	1.096000e+000	5.000000e-001	1.310628e-005	2.748958e-006
1.096999999999990e+000	1.097000e+000	5.000000e-001	1.311060e-005	2.749671e-006
1.097999999999990e+000	1.098000e+000	5.000000e-001	1.311493e-005	2.750383e-006
1.098999999999990e+000	1.099000e+000	5.000000e-001	1.311925e-005	2.751095e-006
1.099999999999990e+000	1.100000e+000	5.000000e-001	1.312358e-005	2.751807e-006
1.100999999999990e+000	1.101000e+000	5.000000e-001	1.312791e-005	2.752519e-006
1.101999999999989e+000	1.102000e+000	5.000000e-001	1.313223e-005	2.753231e-006
1.102999999999989e+000	1.103000e+000	5.000000e-001	1.313656e-005	2.753943e-006
1.103999999999989e+000	1.104000e+000	5.000000e-001	1.314089e-005	2.754655e-006
1.104999999999989e+000	1.105000e+000	5.000000e-001	1.314521e-005	2.755367e-006
1.105999999999989e+000	1.106000e+000	5.000000e-001	1.314954e-005	2.756079e-006
1.106999999999989e+000	1.107000e+000	5.000000e-001	1.315387e-005	2.756791e-006
1.107999999999989e+000	1.108000e+000	5.000000e-001	1.315819e-005	2.757502e-006
1.108999999999989e+000	1.109000e+000	5.000000e-001	1.316252e-005	2.758214e-006
1.109999999999989e+000	1.110000e+000	5.000000e-001	1.316685e-005	2.758926e-006
1.110999999999988e+000	1.111000e+000	5.000000e-001	1.317117e-005	2.759638e-006
1.111999999999988e+000	1.112000e+000	5.000000e-001	1.317550e-005	2.760350e-006
1.112999999999988e+000	1.113000e+000	5.000000e-001	1.317983e-005	2.761061e-006
1.113999999999988e+000	1.114000e+000	5.000000e-001	1.318415e-005	2.761773e-006
1.114999999999988e+000	1.115000e+000	5.000000e-001	1.318848e-005	2.762484e-006
1.115999999999988e+000	1.116000e+000	5.000000e-001	1.319280e-005	2.763196e-006
1.116999999999988e+000	1.117000e+000	5.000000e-001	1.319713e-005	2.763908e-006
1.117999999999988e+000	1.118000e+000	5.000000e-001	1.320146e-005	2.764619e-006
1.118999999999988e+000	1.119000e+000	5.000000e-001	1.320578e-005	2.765331e-006
1.119999999999988e+000	1.120000e+000	5.000000e-001	1.321011e-005	2.766042e-006
1.120999999999987e+000	1.121000e+000	5.000000e-001	1.321444e-005	2.766754e-006
1.121999999999987e+000	1.122000e+000	5.000000e-001	1.321876e-005	2.767465e-006
1.122999999999987e+000	1.123000e+000	5.000000e-001	1.322309e-005	2.768176e-006
1.123999999999987e+000	1.124000e+000	5.000000e-001	1.322741e-005	2.768888e-006
1.124999999999987e+000	1.125000e+000	5.000000e-001	1.323174e-005	2.769599e-006
1.125999999999987e+000	1.126000e+000	5.000000e-001	1.323607e-005	2.770310e-006
1.126999999999987e+000	1.127000e+000	5.000000e-001	1.324039e-005	2.771022e-006
1.127999999999987e+000	1.128000e+000	5.000000e-001	1.324472e-005	2.771733e-006
1.128999999999987e+000	1.129000e+000	5.000000e-001	1.324904e-005	2.772444e-006
1.129999999999986e+000	1.130000e+000	5.000000e-001	1.325337e-005	2.773155e-006
1.130999999999986e+000	1.131000e+000	5.000000e-001	1.325770e-005	2.773867e-006
1.131999999999986e+000	1.132000e+000	5.000000e-001	1.326202e-005	2.774578e-006
1.132999999999986e+000	1.133000e+000	5.000000e-001	1.326635e-005	2.775289e-006
1.133999999999986e+000	1.134000e+000	5.000000e-001	1.327068e-005	2.776000e-006
1.134999999999986e+000	1.135000e+000	5.000000e-001	1.327500e-005	2.776711e-006
1.135999999999986e+000	1.136000e+000	5.000000e-001	1.327933e-005	2.777422e-006
1.136999999999986e+000	1.137000e+000	5.000000e-001	1.328365e-005	2.778133e-006
1.137999999999986e+000	1.138000e+000	5.000000e-001	1.328798e-005	2.778844e-006
1.138999999999985e+000	1.139000e+000	5.000000e-001	1.329231e-005	2.779555e-006
1.139999999999985e+000	1.140000e+000	5.000000e-001	1.329663e-005	2.780266e-006
1.140999999999985e+000	1.141000e+000	5.000000e-001	1.330096e-005	2.780977e-006
1.141999999999985e+000	1.142000e+000	5.000000e-001	1.330529e-005	2.781688e-006
1.142999999999985e+000	1.143000e+000	5.000000e-001	1.330961e-005	2.782399e-006
1.143999999999985e+000	1.144000e+000	5.000000e-001	1.331394e-005	2.783109e-006
1.144999999999985e+000	1.145000e+000	5.000000e-001	1.331827e-005	2.783820e-006
1.145999999999985e+000	1.146000e+000	5.000000e-001	1.332259e-005	2.784531e-006
1.146999999999985e+000	1.147000e+000	5.000000e-001	1.332692e-005	2.785242e-006
1.147999999999984e+000	1.148000e+000	5.000000e-001	1.333125e-005	2.785953e-006
1.148999999999984e+000	1.149000e+000	5.000000e-001	1.333557e-005	2.786663e-006
1.149999999999984e+000	1.150000e+000	5.000000e-001	1.333990e-005	2.787374e-006
1.150999999999984e+000	1.151000e+000	5.000000e-001	1.334422e-005	2.788085e-006
1.151999999999984e+000	1.152000e+000	5.000000e-001	1.334855e-005	2.788795e-006
1.152999999999984e+000	1.153000e+000	5.000000e-001	1.335288e-005	2.789506e-006
1.153999999999984e+000	1.154000e+000	5.000000e-001	1.335720e-005	2.790217e-006
1.154999999999984e+000	1.155000e+000	5.000000e-001	1.336153e-005	2.790927e-006
1.155999999999984e+000	1.156000e+000	5.000000e-001	1.336586e-005	2.791638e-006
1.156999999999983e+000	1.157000e+000	5.000000e-001	1.337018e-005	2.792349e-006
1.157999999999983e+000	1.158000e+000	5.000000e-001	1.337451e-005	2.793059e-006
1.158999999999983e+000	1.159000e+000	5.000000e-001	1.337884e-005	2.793770e-006
1.159999999999983e+000	1.160000e+000	5.000000e-001	1.338316e-005	2.794480e-006
1.160999999999983e+000	1.161000e+000	5.000000e-001	1.338749e-005	2.795191e-006
1.161999999999983e+000	1.162000e+000	5.000000e-001	1.339182e-005	2.795901e-006
1.162999999999983e+000	1.163000e+000	5.000000e-001	1.339614e-005	2.796611e-006
1.163999999999983e+000	1.164000e+000	5.000000e-001	1.340047e-005	2.797322e-006
1.164999999999983e+000	1.165000e+000	5.000000e-001	1.340480e-005	2.798032e-006
1.165999999999982e+000	1.166000e+000	5.000000e-001	1.340912e-005	2.798743e-006
1.166999999999982e+000	1.167000e+000	5.000000e-001	1.341345e-005	2.799453e-006
1.167999999999982e+000	1.168000e+000	5.000000e-001	1.341778e-005	2.800163e-006
1.168999999999982e+000	1.169000e+000	5.000000e-001	1.342210e-005	2.800874e-006
1.169999999999982e+000	1.170000e+000	5.000000e-001	1.342643e-005	2.801584e-006
1.170999999999982e+000	1.171000e+000	5.000000e-001	1.343076e-005	2.802294e-006
1.171999999999982e+000	1.172000e+000	5.000000e-001	1.343509e-005	2.803005e-006
1.172999999999982e+000	1.173000e+000	5.000000e-001	1.343941e-005	2.803715e-006
1.173999999999982e+000	1.174000e+000	5.000000e-001	1.344374e-005	2.804425e-006
1.174999999999981e+000	1.175000e+000	5.000000e-001	1.344807e-005	2.805135e-006
1.175999999999981e+000	1.176000e+000	5.000000e-001	1.345239e-005	2.805845e-006
1.176999999999981e+000	1.177000e+000	5.000000e-001	1.345672e-005	2.806556e-006
1.177999999999981e+000	1.178000e+000	5.000000e-001	1.346105e-005	2.807266e-006
1.178999999999981e+000	1.179000e+000	5.000000e-001	1.346538e-005	2.807976e-006
1.179999999999981e+000	1.180000e+000	5.000000e-001	1.346970e-005	2.808686e-006
1.180999999999981e+000	1.181000e+000	5.000000e-001	1.347403e-005	2.809396e-006
1.181999999999981e+000	1.182000e+000	5.000000e-001	1.347836e-005	2.810106e-006
1.182999999999981e+000	1.183000e+000	5.000000e-001	1.348269e-005	2.810816e-006
1.183999999999980e+000	1.184000e+000	5.000000e-001	1.348701e-005	2.811526e-006
1.184999999999980e+000	1.185000e+000	5.000000e-001	1.349134e-005	2.812237e-006
1.185999999999980e+000	1.186000e+000	5.000000e-001	1.349567e-005	2.812947e-006
1.186999999999980e+000	1.187000e+000	5.000000e-001	1.350000e-005	2.813657e-006
1.187999999999980e+000	1.188000e+000	5.000000e-001	1.350432e-005	2.814367e-006
1.188999999999980e+000	1.189000e+000	5.000000e-001	1.350865e-005	2.815077e-006
1.189999999999980e+000	1.190000e+000	5.000000e-001	1.351298e-005	2.815787e-006
1.190999999999980e+000	1.191000e+000	5.000000e-001	1.351731e-005	2.816497e-006
1.191999999999980e+000	1.192000e+000	5.000000e-001	1.352164e-005	2.817206e-006
1.192999999999979e+000	1.193000e+000	5.000000e-001	1.352596e-005	2.817917e-006
1.193999999999979e+000	1.194000e+000	5.000000e-001	1.353029e-005	2.818626e-006
1.194999999999979e+000	1.195000e+000	5.000000e-001	1.353462e-005	2.819336e-006
1.195999999999979e+000	1.196000e+000	5.000000e-001	1.353895e-005	2.820046e-006
1.196999999999979e+000	1.197000e+000	5.000000e-001	1.354328e-005	2.820756e-006
1.197999999999979e+000	1.198000e+000	5.000000e-001	1.354760e-005	2.821466e-006
1.198999999999979e+000	1.199000e+000	5.000000e-001	1.355193e-005	2.822176e-006
1.200000000000000e+000	1.200000e+000	5.000000e-001	1.355626e-005	2.822886e-006
