vg	Id(Mn)	Id(Mp)	vg
0.000000000000000e+000	1.455980e-009	-2.583220e-004	0.000000e+000
1.000000000000000e-002	1.890596e-009	-2.527253e-004	1.000000e-002
2.000000000000000e-002	2.451203e-009	-2.471565e-004	2.000000e-002
3.000000000000000e-002	3.172751e-009	-2.416166e-004	3.000000e-002
4.000000000000000e-002	4.099275e-009	-2.361064e-004	4.000000e-002
5.000000000000000e-002	5.286057e-009	-2.306269e-004	5.000000e-002
6.000000000000001e-002	6.802244e-009	-2.251790e-004	6.000000e-002
7.000000000000001e-002	8.734018e-009	-2.197637e-004	7.000000e-002
8.000000000000000e-002	1.118845e-008	-2.143819e-004	8.000000e-002
9.000000000000000e-002	1.429815e-008	-2.090346e-004	9.000000e-002
9.999999999999999e-002	1.822692e-008	-2.037229e-004	1.000000e-001
1.100000000000000e-001	2.317658e-008	-1.984477e-004	1.100000e-001
1.200000000000000e-001	2.939521e-008	-1.932101e-004	1.200000e-001
1.300000000000000e-001	3.718700e-008	-1.880112e-004	1.300000e-001
1.400000000000000e-001	4.692385e-008	-1.828520e-004	1.400000e-001
1.500000000000000e-001	5.905872e-008	-1.777336e-004	1.500000e-001
1.600000000000000e-001	7.414062e-008	-1.726571e-004	1.600000e-001
1.700000000000000e-001	9.283062e-008	-1.676237e-004	1.700000e-001
1.800000000000000e-001	1.159180e-007	-1.626345e-004	1.800000e-001
1.900000000000000e-001	1.443356e-007	-1.576907e-004	1.900000e-001
2.000000000000000e-001	1.791714e-007	-1.527934e-004	2.000000e-001
2.100000000000001e-001	2.216771e-007	-1.479439e-004	2.100000e-001
2.200000000000001e-001	2.732683e-007	-1.431435e-004	2.200000e-001
2.300000000000001e-001	3.355173e-007	-1.383933e-004	2.300000e-001
2.400000000000001e-001	4.101369e-007	-1.336947e-004	2.400000e-001
2.500000000000001e-001	4.989539e-007	-1.290490e-004	2.500000e-001
2.600000000000001e-001	6.038749e-007	-1.244575e-004	2.600000e-001
2.700000000000001e-001	7.268446e-007	-1.199215e-004	2.700000e-001
2.800000000000001e-001	8.698008e-007	-1.154425e-004	2.800000e-001
2.900000000000001e-001	1.034628e-006	-1.110218e-004	2.900000e-001
3.000000000000001e-001	1.223112e-006	-1.066610e-004	3.000000e-001
3.100000000000001e-001	1.436904e-006	-1.023615e-004	3.100000e-001
3.200000000000001e-001	1.677487e-006	-9.812484e-005	3.200000e-001
3.300000000000001e-001	1.946153e-006	-9.395255e-005	3.300000e-001
3.400000000000001e-001	2.243991e-006	-8.984625e-005	3.400000e-001
3.500000000000001e-001	2.571884e-006	-8.580760e-005	3.500000e-001
3.600000000000002e-001	2.930513e-006	-8.183829e-005	3.600000e-001
3.700000000000002e-001	3.320368e-006	-7.794007e-005	3.700000e-001
3.800000000000002e-001	3.741762e-006	-7.411474e-005	3.800000e-001
3.900000000000002e-001	4.194857e-006	-7.036417e-005	3.900000e-001
4.000000000000002e-001	4.679677e-006	-6.669029e-005	4.000000e-001
4.100000000000002e-001	5.196137e-006	-6.309510e-005	4.100000e-001
4.200000000000002e-001	5.744059e-006	-5.958069e-005	4.200000e-001
4.300000000000002e-001	6.323196e-006	-5.614921e-005	4.300000e-001
4.400000000000002e-001	6.933244e-006	-5.280288e-005	4.400000e-001
4.500000000000002e-001	7.573864e-006	-4.954403e-005	4.500000e-001
4.600000000000002e-001	8.244687e-006	-4.637508e-005	4.600000e-001
4.700000000000003e-001	8.945333e-006	-4.329851e-005	4.700000e-001
4.800000000000003e-001	9.675415e-006	-4.031689e-005	4.800000e-001
4.900000000000003e-001	1.043454e-005	-3.743288e-005	4.900000e-001
5.000000000000002e-001	1.122234e-005	-3.464919e-005	5.000000e-001
5.100000000000002e-001	1.203842e-005	-3.196856e-005	5.100000e-001
5.200000000000002e-001	1.288243e-005	-2.939377e-005	5.200000e-001
5.300000000000003e-001	1.375401e-005	-2.692758e-005	5.300000e-001
5.400000000000003e-001	1.465283e-005	-2.457267e-005	5.400000e-001
5.500000000000003e-001	1.557857e-005	-2.233164e-005	5.500000e-001
5.600000000000003e-001	1.653089e-005	-2.020688e-005	5.600000e-001
5.700000000000003e-001	1.750952e-005	-1.820054e-005	5.700000e-001
5.800000000000003e-001	1.851415e-005	-1.631442e-005	5.800000e-001
5.900000000000003e-001	1.954450e-005	-1.454986e-005	5.900000e-001
6.000000000000003e-001	2.060030e-005	-1.290765e-005	6.000000e-001
6.100000000000003e-001	2.168128e-005	-1.138793e-005	6.100000e-001
6.200000000000003e-001	2.278719e-005	-9.990074e-006	6.200000e-001
6.300000000000003e-001	2.391777e-005	-8.712605e-006	6.300000e-001
6.400000000000004e-001	2.507277e-005	-7.553125e-006	6.400000e-001
6.500000000000004e-001	2.625195e-005	-6.508281e-006	6.500000e-001
6.600000000000004e-001	2.745505e-005	-5.573763e-006	6.600000e-001
6.700000000000004e-001	2.868185e-005	-4.744347e-006	6.700000e-001
6.800000000000004e-001	2.993210e-005	-4.013982e-006	6.800000e-001
6.900000000000004e-001	3.120555e-005	-3.375922e-006	6.900000e-001
7.000000000000004e-001	3.250198e-005	-2.822887e-006	7.000000e-001
7.100000000000004e-001	3.382112e-005	-2.347260e-006	7.100000e-001
7.200000000000004e-001	3.516277e-005	-1.941283e-006	7.200000e-001
7.300000000000004e-001	3.652665e-005	-1.597260e-006	7.300000e-001
7.400000000000004e-001	3.791254e-005	-1.307732e-006	7.400000e-001
7.500000000000004e-001	3.932019e-005	-1.065637e-006	7.500000e-001
7.600000000000005e-001	4.074935e-005	-8.644186e-007	7.600000e-001
7.700000000000005e-001	4.219978e-005	-6.981109e-007	7.700000e-001
7.800000000000005e-001	4.367121e-005	-5.613743e-007	7.800000e-001
7.900000000000005e-001	4.516342e-005	-4.495033e-007	7.900000e-001
8.000000000000005e-001	4.667613e-005	-3.584057e-007	8.000000e-001
8.100000000000005e-001	4.820909e-005	-2.845624e-007	8.100000e-001
8.200000000000005e-001	4.976206e-005	-2.249758e-007	8.200000e-001
8.300000000000005e-001	5.133476e-005	-1.771113e-007	8.300000e-001
8.400000000000005e-001	5.292694e-005	-1.388395e-007	8.400000e-001
8.500000000000005e-001	5.453833e-005	-1.083809e-007	8.500000e-001
8.600000000000005e-001	5.616868e-005	-8.425511e-008	8.600000e-001
8.700000000000006e-001	5.781771e-005	-6.523667e-008	8.700000e-001
8.800000000000006e-001	5.948516e-005	-5.031561e-008	8.800000e-001
8.900000000000006e-001	6.117076e-005	-3.866403e-008	8.900000e-001
9.000000000000006e-001	6.287423e-005	-2.960703e-008	9.000000e-001
9.100000000000006e-001	6.459531e-005	-2.259770e-008	9.100000e-001
9.200000000000006e-001	6.633373e-005	-1.719570e-008	9.200000e-001
9.300000000000006e-001	6.808920e-005	-1.304873e-008	9.300000e-001
9.400000000000006e-001	6.986147e-005	-9.876802e-009	9.400000e-001
9.500000000000006e-001	7.165024e-005	-7.458806e-009	9.500000e-001
9.600000000000006e-001	7.345524e-005	-5.621186e-009	9.600000e-001
9.700000000000006e-001	7.527620e-005	-4.228520e-009	9.700000e-001
9.800000000000007e-001	7.711283e-005	-3.175711e-009	9.800000e-001
9.900000000000007e-001	7.896487e-005	-2.381609e-009	9.900000e-001
1.000000000000001e+000	8.083202e-005	-1.783838e-009	1.000000e+000
1.010000000000001e+000	8.271401e-005	-1.334656e-009	1.010000e+000
1.020000000000001e+000	8.461056e-005	-9.976583e-010	1.020000e+000
1.030000000000001e+000	8.652139e-005	-7.451744e-010	1.030000e+000
1.040000000000001e+000	8.844621e-005	-5.562392e-010	1.040000e+000
1.050000000000001e+000	9.038475e-005	-4.150080e-010	1.050000e+000
1.060000000000001e+000	9.233673e-005	-3.095341e-010	1.060000e+000
1.070000000000001e+000	9.430186e-005	-2.308280e-010	1.070000e+000
1.080000000000001e+000	9.627987e-005	-1.721379e-010	1.080000e+000
1.090000000000001e+000	9.827046e-005	-1.284002e-010	1.090000e+000
1.100000000000001e+000	1.002734e-004	-9.582293e-011	1.100000e+000
1.110000000000001e+000	1.022883e-004	-7.156946e-011	1.110000e+000
1.120000000000001e+000	1.043150e-004	-5.352022e-011	1.120000e+000
1.130000000000001e+000	1.063531e-004	-4.009278e-011	1.130000e+000
1.140000000000001e+000	1.084025e-004	-3.010663e-011	1.140000e+000
1.150000000000001e+000	1.104627e-004	-2.268175e-011	1.150000e+000
1.160000000000001e+000	1.125336e-004	-1.716245e-011	1.160000e+000
1.170000000000001e+000	1.146148e-004	-1.306047e-011	1.170000e+000
1.180000000000001e+000	1.167061e-004	-1.001235e-011	1.180000e+000
1.190000000000001e+000	1.188072e-004	-7.747667e-012	1.190000e+000
1.200000000000000e+000	1.209178e-004	-6.065274e-012	1.200000e+000
